sandbox/issues/20xx/2044/d201211_0047.cnv
* Sea-Bird SBE 9 Data File:
* FileName = C:\2012-11\CTD Raw\201211-0047.hdr
* Software Version Seasave V 7.21d
* Temperature SN = 4397
* Conductivity SN = 2992
* Number of Bytes Per Scan = 40
* Number of Voltage Words = 5
* Number of Scans Averaged by the Deck Unit = 1
* NMEA Latitude = 76 59.99 N
* NMEA Longitude = 170 00.56 W
* NMEA UTC (Time) = Aug 31 2012 10:58:31
* NMEA baud rate = 4800
** Ship:  CCGS Louis St-Laurent
** Cruise:  2012-11
** Station:   TU-2
** Depth (m):  2213
# nquan = 26
# nvalues = 2238                        
# units = specified
# name 0 = scan: Scan Count
# name 1 = prDM: Pressure, Digiquartz [db]
# name 2 = depSM: Depth [salt water, m]
# name 3 = t090C: Temperature [ITS-90, deg C]
# name 4 = t190C: Temperature, 2 [ITS-90, deg C]
# name 5 = c0mS/cm: Conductivity [mS/cm]
# name 6 = c1mS/cm: Conductivity, 2 [mS/cm]
# name 7 = sbeox0V: Oxygen raw, SBE 43 [V]
# name 8 = CStarTr0: Beam Transmission, WET Labs C-Star [%]
# name 9 = v1: Voltage 1
# name 10 = flSP: Fluorescence, Seapoint
# name 11 = v0: Voltage 0
# name 12 = wetCDOM: Fluorescence, WET Labs CDOM [mg/m^3]
# name 13 = v4: Voltage 4
# name 14 = upoly0: Upoly 0, ISUS
# name 15 = par: PAR/Irradiance, Biospherical/Licor
# name 16 = spar: SPAR/Surface Irradiance
# name 17 = altM: Altimeter [m]
# name 18 = sbeox0ML/L: Oxygen, SBE 43 [ml/l], WS = 1
# name 19 = sal00: Salinity, Practical [PSU]
# name 20 = sal11: Salinity, Practical, 2 [PSU]
# name 21 = potemp090C: Potential Temperature [ITS-90, deg C]
# name 22 = sigma-é00: Density [sigma-theta, Kg/m^3]
# name 23 = svCM: Sound Velocity [Chen-Millero, m/s]
# name 24 = nbin: number of scans per bin
# name 25 = flag: flag
# span 0 =      10618,      79044       
# span 1 =      1.000,   2238.000       
# span 2 =      0.989,   2202.797       
# span 3 =    -1.4297,     0.9345       
# span 4 =    -1.4289,     0.9340       
# span 5 =  21.563589,  29.912074       
# span 6 =  21.569423,  29.912150       
# span 7 =     1.6840,     2.6535       
# span 8 =    68.0737,    89.7407       
# span 9 =     3.3341,     4.3773       
# span 10 = 2.9921e-02, 7.1474e-01      
# span 11 =     0.0299,     0.7148      
# span 12 =     2.8712,     5.2736      
# span 13 =     0.1872,     0.2852      
# span 14 = -0.0031014,  0.3358922      
# span 15 = 1.0000e-12, 8.5190e-02      
# span 16 = 0.0000e+00, 0.0000e+00      
# span 17 =       9.80,      98.51      
# span 18 =    5.61787,    8.64296      
# span 19 =    25.5760,    34.9533      
# span 20 =    25.5840,    34.9540      
# span 21 =    -1.4332,     0.9150      
# span 22 =    20.5136,    28.0939      
# span 23 =    1434.78,    1484.45      
# span 24 =         17,        276      
# span 25 = 0.0000e+00, 0.0000e+00      
# interval = decibars: 1                
# start_time = Aug 31 2012 10:58:31 [NMEA time, header]
# bad_flag = -9.990e-29
*END*
[from data line 1889]
      63034   1890.000   1861.787    -0.4195    -0.4198  29.460067  29.459803     1.7629    89.7058     4.3756     0.0219     0.0306     3.5605     0.2153     0.0000 0.000e+000 -9.000e+000      98.41    6.65371    34.9419    34.9419    -0.5123    28.0852    1478.39         25        222
      63059   1891.000   1862.768    -0.4191    -0.4194  29.460991  29.460517     1.7628    89.7067     4.3756     0.0223     0.0314     3.6186     0.2177     0.0000 0.000e+000 -9.000e+000      98.41    6.65400    34.9421    34.9419    -0.5120    28.0854    1478.41         23        222
      63080   1892.000   1863.749    -0.4190    -0.4193  29.461510  29.461166     1.7627    89.6953     4.3750     0.0220     0.0307     3.6461     0.2188     0.0000 0.000e+000 -9.000e+000      98.41    6.65435    34.9422    34.9421    -0.5119    28.0854    1478.43         21        222
      63101   1893.000   1864.729    -0.4186    -0.4191  29.462175  29.461838     1.7622    89.7007     4.3753     0.0221     0.0309     3.6543     0.2192     0.0000 0.000e+000 -9.000e+000      98.41    6.65269    34.9421    34.9422    -0.5116    28.0853    1478.45         21        222
      63122   1894.000   1865.710    -0.4184    -0.4188  29.462912  29.462409     1.7624    89.7160     4.3761     0.0222     0.0311     3.6534     0.2191     0.0000 0.000e+000 -9.000e+000      98.41    6.65448    34.9423    34.9421    -0.5115    28.0855    1478.47         22        222
      63146   1895.000   1866.691    -0.4183    -0.4187  29.463353  29.462964     1.7620    89.7053     4.3755     0.0226     0.0319     3.5388     0.2145     0.0000 0.000e+000 -9.000e+000      98.40    6.65337    34.9422    34.9421    -0.5114    28.0854    1478.48         25        222
      63172   1896.000   1867.672    -0.4183    -0.4186  29.463876  29.463499     1.7616    89.7122     4.3759     0.0225     0.0316     3.5966     0.2168     0.0000 0.000e+000 -9.000e+000      98.41    6.65226    34.9424    34.9422    -0.5115    28.0855    1478.50         27        222
      63198   1897.000   1868.652    -0.4181    -0.4185  29.464432  29.463949     1.7615    89.7092     4.3757     0.0221     0.0309     3.7012     0.2211     0.0000 0.000e+000 -9.000e+000      98.41    6.65260    34.9423    34.9421    -0.5114    28.0855    1478.52         24        222
      63220   1898.000   1869.632    -0.4182    -0.4186  29.464847  29.464478     1.7612    89.6868     4.3746     0.0220     0.0309     3.6744     0.2200     0.0000 0.000e+000 -9.000e+000      98.41    6.65200    34.9424    34.9424    -0.5115    28.0856    1478.53         22        222
      63242   1899.000   1870.613    -0.4182    -0.4186  29.465208  29.464938     1.7608    89.6939     4.3749     0.0223     0.0313     3.7280     0.2221     0.0000 0.000e+000 -9.000e+000      98.40    6.65091    34.9424    34.9425    -0.5116    28.0856    1478.55         21        222
      63263   1900.000   1871.594    -0.4184    -0.4187  29.465569  29.465180     1.7606    89.6946     4.3750     0.0222     0.0311     3.6756     0.2200     0.0000 0.000e+000 -9.000e+000      98.40    6.65082    34.9425    34.9424    -0.5119    28.0857    1478.57         21        222
      63286   1901.000   1872.575    -0.4183    -0.4187  29.466012  29.465612     1.7604    89.6945     4.3750     0.0222     0.0310     3.6585     0.2193     0.0000 0.000e+000 -9.000e+000      98.41    6.65068    34.9425    34.9424    -0.5118    28.0857    1478.58         24        222
      63310   1902.000   1873.555    -0.4183    -0.4186  29.466578  29.466113     1.7600    89.6920     4.3748     0.0226     0.0319     3.7538     0.2232     0.0000 0.000e+000 -9.000e+000      98.41    6.64957    34.9427    34.9424    -0.5119    28.0858    1478.60         26        222
      63336   1903.000   1874.536    -0.4183    -0.4186  29.467029  29.466585     1.7596    89.6910     4.3748     0.0225     0.0317     3.6049     0.2171     0.0000 0.000e+000 -9.000e+000      98.41    6.64847    34.9427    34.9425    -0.5120    28.0859    1478.62         24        222
      63359   1904.000   1875.516    -0.4182    -0.4185  29.467623  29.467187     1.7592    89.6976     4.3751     0.0226     0.0320     3.5863     0.2164     0.0000 0.000e+000 -9.000e+000      98.41    6.64734    34.9429    34.9426    -0.5119    28.0860    1478.64         23        222
      63381   1905.000   1876.497    -0.4181    -0.4184  29.468094  29.467662     1.7591    89.6922     4.3749     0.0221     0.0309     3.5891     0.2165     0.0000 0.000e+000 -9.000e+000      98.41    6.64769    34.9428    34.9426    -0.5119    28.0860    1478.65         21        222
      63403   1906.000   1877.478    -0.4182    -0.4185  29.468478  29.468050     1.7584    89.6967     4.3751     0.0221     0.0309     3.6463     0.2189     0.0000 0.000e+000 -9.000e+000      98.40    6.64514    34.9429    34.9427    -0.5121    28.0860    1478.67         22        222
      63426   1907.000   1878.458    -0.4181    -0.4184  29.468832  29.468438     1.7584    89.6973     4.3751     0.0223     0.0313     3.6734     0.2200     0.0000 0.000e+000 -9.000e+000      98.40    6.64599    34.9427    34.9426    -0.5120    28.0859    1478.69         24        222
      63450   1908.000   1879.439    -0.4180    -0.4183  29.469414  29.469059     1.7583    89.7004     4.3753     0.0224     0.0315     3.6540     0.2192     0.0000 0.000e+000 -9.000e+000      98.41    6.64633    34.9429    34.9427    -0.5120    28.0860    1478.70         25        222
      63474   1909.000   1880.420    -0.4180    -0.4183  29.469982  29.469554     1.7581    89.7033     4.3754     0.0222     0.0310     3.6560     0.2192     0.0000 0.000e+000 -9.000e+000      98.41    6.64620    34.9431    34.9428    -0.5121    28.0862    1478.72         24        222
      63497   1910.000   1881.400    -0.4181    -0.4186  29.470171  29.469723     1.7580    89.6972     4.3751     0.0222     0.0312     3.4456     0.2106     0.0000 0.000e+000 -9.000e+000      98.40    6.64660    34.9429    34.9429    -0.5122    28.0860    1478.74         22        222
      63519   1911.000   1882.381    -0.4179    -0.4183  29.470928  29.470547     1.7576    89.7030     4.3754     0.0224     0.0315     3.6392     0.2186     0.0000 0.000e+000 -9.000e+000      98.41    6.64544    34.9431    34.9431    -0.5121    28.0862    1478.76         22        222
      63542   1912.000   1883.361    -0.4177    -0.4180  29.471617  29.471208     1.7575    89.7046     4.3755     0.0222     0.0311     3.6499     0.2190     0.0000 0.000e+000 -9.000e+000      98.40    6.64577    34.9433    34.9431    -0.5120    28.0863    1478.77         23        222
      63566   1913.000   1884.342    -0.4176    -0.4180  29.472127  29.471694     1.7572    89.6963     4.3751     0.0226     0.0319     3.5931     0.2166     0.0000 0.000e+000 -9.000e+000      98.41    6.64513    34.9433    34.9432    -0.5119    28.0863    1478.79         25        222
      63591   1914.000   1885.323    -0.4176    -0.4179  29.472544  29.472163     1.7569    89.6968     4.3751     0.0223     0.0313     3.6362     0.2184     0.0000 0.000e+000 -9.000e+000      98.40    6.64452    34.9433    34.9431    -0.5120    28.0863    1478.81         25        222
      63615   1915.000   1886.303    -0.4175    -0.4178  29.473011  29.472730     1.7566    89.6944     4.3750     0.0224     0.0315     3.7049     0.2212     0.0000 0.000e+000 -9.000e+000      98.41    6.64389    34.9433    34.9432    -0.5120    28.0863    1478.83         22        222
      63637   1916.000   1887.284    -0.4174    -0.4178  29.473573  29.473155     1.7563    89.6972     4.3751     0.0223     0.0313     3.5481     0.2148     0.0000 0.000e+000 -9.000e+000      98.41    6.64325    34.9434    34.9433    -0.5119    28.0864    1478.84         22        222
      63658   1917.000   1888.265    -0.4172    -0.4176  29.474150  29.473739     1.7560    89.7032     4.3754     0.0219     0.0305     3.6261     0.2180     0.0000 0.000e+000 -9.000e+000      98.41    6.64260    34.9434    34.9433    -0.5118    28.0864    1478.86         22        222
      63681   1918.000   1889.245    -0.4169    -0.4172  29.474909  29.474502     1.7559    89.6974     4.3751     0.0218     0.0303     3.5649     0.2155     0.0000 0.000e+000 -9.000e+000      98.41    6.64291    34.9435    34.9433    -0.5116    28.0865    1478.88         24        222
      63707   1919.000   1890.226    -0.4168    -0.4171  29.475387  29.475054     1.7557    89.6985     4.3752     0.0222     0.0311     3.4997     0.2129     0.0000 0.000e+000 -9.000e+000      98.41    6.64276    34.9435    34.9434    -0.5115    28.0864    1478.90         27        222
      63733   1920.000   1891.206    -0.4165    -0.4168  29.476137  29.475730     1.7554    89.6952     4.3750     0.0219     0.0306     3.6342     0.2184     0.0000 0.000e+000 -9.000e+000      98.41    6.64209    34.9436    34.9434    -0.5113    28.0865    1478.91         24        222
      63756   1921.000   1892.187    -0.4164    -0.4169  29.476650  29.476216     1.7551    89.6944     4.3750     0.0223     0.0313     3.6187     0.2177     0.0000 0.000e+000 -9.000e+000      98.41    6.64145    34.9436    34.9436    -0.5113    28.0865    1478.93         22        222
      63777   1922.000   1893.167    -0.4164    -0.4169  29.477062  29.476621     1.7551    89.7051     4.3755     0.0219     0.0305     3.5112     0.2133     0.0000 0.000e+000 -9.000e+000      98.41    6.64231    34.9436    34.9436    -0.5113    28.0866    1478.95         21        222
      63798   1923.000   1894.148    -0.4166    -0.4170  29.477336  29.476945     1.7546    89.6942     4.3750     0.0222     0.0311     3.6005     0.2170     0.0000 0.000e+000 -9.000e+000      98.41    6.64075    34.9436    34.9436    -0.5116    28.0866    1478.96         22        222
      63821   1924.000   1895.128    -0.4167    -0.4170  29.477809  29.477415     1.7542    89.6991     4.3752     0.0220     0.0308     3.6390     0.2186     0.0000 0.000e+000 -9.000e+000      98.40    6.63965    34.9438    34.9437    -0.5118    28.0868    1478.98         23        222
      63846   1925.000   1896.109    -0.4165    -0.4169  29.478278  29.477895     1.7541    89.7104     4.3758     0.0219     0.0306     3.6658     0.2196     0.0000 0.000e+000 -9.000e+000      98.41    6.63999    34.9437    34.9436    -0.5116    28.0866    1479.00         26        222
      63871   1926.000   1897.089    -0.4164    -0.4168  29.478849  29.478510     1.7535    89.6974     4.3751     0.0220     0.0307     3.6547     0.2192     0.0000 0.000e+000 -9.000e+000      98.40    6.63787    34.9438    34.9438    -0.5116    28.0867    1479.02         25        222
      63895   1927.000   1898.070    -0.4164    -0.4167  29.479376  29.478922     1.7535    89.6954     4.3750     0.0224     0.0315     3.5998     0.2169     0.0000 0.000e+000 -9.000e+000      98.40    6.63872    34.9440    34.9437    -0.5117    28.0869    1479.03         23        222
      63917   1928.000   1899.050    -0.4164    -0.4167  29.479797  29.479469     1.7531    89.7001     4.3753     0.0220     0.0308     3.6759     0.2200     0.0000 0.000e+000 -9.000e+000      98.41    6.63761    34.9440    34.9439    -0.5117    28.0869    1479.05         22        222
      63939   1929.000   1900.031    -0.4164    -0.4167  29.480240  29.479846     1.7525    89.7062     4.3756     0.0221     0.0309     3.6458     0.2188     0.0000 0.000e+000 -9.000e+000      98.41    6.63552    34.9440    34.9438    -0.5118    28.0869    1479.07         22        222
      63962   1930.000   1901.012    -0.4162    -0.4166  29.480858  29.480405     1.7525    89.7014     4.3753     0.0218     0.0304     3.5601     0.2153     0.0000 0.000e+000 -9.000e+000      98.41    6.63634    34.9441    34.9439    -0.5117    28.0870    1479.09         24        222
      63987   1931.000   1901.992    -0.4163    -0.4166  29.481114  29.480790     1.7522    89.6980     4.3752     0.0219     0.0305     3.5347     0.2143     0.0000 0.000e+000 -9.000e+000      98.41    6.63574    34.9440    34.9439    -0.5118    28.0869    1479.10         25        222
      64011   1932.000   1902.973    -0.4163    -0.4166  29.481605  29.481197     1.7521    89.7097     4.3758     0.0219     0.0305     3.6537     0.2191     0.0000 0.000e+000 -9.000e+000      98.41    6.63610    34.9441    34.9439    -0.5119    28.0870    1479.12         23        222
      64034   1933.000   1903.953    -0.4162    -0.4166  29.482153  29.481779     1.7519    89.6998     4.3753     0.0224     0.0314     3.5736     0.2159     0.0000 0.000e+000 -9.000e+000      98.41    6.63595    34.9442    34.9441    -0.5119    28.0870    1479.14         23        222
      64056   1934.000   1904.934    -0.4163    -0.4167  29.482488  29.482064     1.7518    89.7051     4.3755     0.0222     0.0312     3.5655     0.2155     0.0000 0.000e+000 -9.000e+000      98.41    6.63634    34.9442    34.9441    -0.5120    28.0871    1479.15         22        222
      64079   1935.000   1905.914    -0.4163    -0.4167  29.482884  29.482540     1.7514    89.7104     4.3758     0.0222     0.0312     3.6339     0.2183     0.0000 0.000e+000 -9.000e+000      98.41    6.63523    34.9442    34.9442    -0.5121    28.0871    1479.17         23        222
      64103   1936.000   1906.895    -0.4165    -0.4168  29.483206  29.482806     1.7512    89.7142     4.3760     0.0225     0.0317     3.6181     0.2177     0.0000 0.000e+000 -9.000e+000      98.41    6.63514    34.9443    34.9441    -0.5124    28.0872    1479.19         25        222
      64128   1937.000   1907.875    -0.4165    -0.4169  29.483561  29.483209     1.7509    89.7154     4.3761     0.0224     0.0315     3.5315     0.2142     0.0000 0.000e+000 -9.000e+000      98.41    6.63452    34.9442    34.9442    -0.5124    28.0871    1479.20         26        222
      64153   1938.000   1908.855    -0.4164    -0.4168  29.484062  29.483743     1.7507    89.7174     4.3762     0.0221     0.0309     3.5893     0.2165     0.0000 0.000e+000 -9.000e+000      98.41    6.63437    34.9442    34.9443    -0.5124    28.0871    1479.22         23        222
      64176   1939.000   1909.836    -0.4164    -0.4168  29.484523  29.484142     1.7508    89.7023     4.3754     0.0223     0.0313     3.6665     0.2197     0.0000 0.000e+000 -9.000e+000      98.41    6.63572    34.9443    34.9442    -0.5125    28.0872    1479.24         22        222
      64198   1940.000   1910.817    -0.4164    -0.4169  29.484938  29.484594     1.7502    89.7186     4.3762     0.0224     0.0316     3.6243     0.2179     0.0000 0.000e+000 -9.000e+000      98.40    6.63362    34.9443    34.9444    -0.5125    28.0872    1479.25         22        222
      64219   1941.000   1911.797    -0.4165    -0.4168  29.485461  29.485030     1.7502    89.7163     4.3761     0.0225     0.0318     3.5968     0.2168     0.0000 0.000e+000 -9.000e+000      98.41    6.63449    34.9446    34.9443    -0.5127    28.0874    1479.27         22        222
      64243   1942.000   1912.778    -0.4165    -0.4169  29.485876  29.485414     1.7497    89.7163     4.3761     0.0221     0.0309     3.6270     0.2180     0.0000 0.000e+000 -9.000e+000      98.40    6.63288    34.9446    34.9444    -0.5128    28.0874    1479.29         25        222
      64268   1943.000   1913.758    -0.4164    -0.4168  29.486281  29.485894     1.7495    89.7164     4.3761     0.0220     0.0307     3.6625     0.2195     0.0000 0.000e+000 -9.000e+000      98.41    6.63274    34.9445    34.9444    -0.5127    28.0873    1479.30         25        222
      64293   1944.000   1914.738    -0.4163    -0.4166  29.486789  29.486387     1.7493    89.7196     4.3763     0.0222     0.0311     3.6436     0.2187     0.0000 0.000e+000 -9.000e+000      98.41    6.63259    34.9445    34.9443    -0.5127    28.0873    1479.32         25        222
