sandbox/issues/20xx/2044/d201211_0047.cnv
* Sea-Bird SBE 9 Data File:
* FileName = C:\2012-11\CTD Raw\201211-0047.hdr
* Software Version Seasave V 7.21d
* Temperature SN = 4397
* Conductivity SN = 2992
* Number of Bytes Per Scan = 40
* Number of Voltage Words = 5
* Number of Scans Averaged by the Deck Unit = 1
* NMEA Latitude = 76 59.99 N
* NMEA Longitude = 170 00.56 W
* NMEA UTC (Time) = Aug 31 2012 10:58:31
* NMEA baud rate = 4800
** Ship:  CCGS Louis St-Laurent
** Cruise:  2012-11
** Station:   TU-2
** Depth (m):  2213
# nquan = 26
# nvalues = 2238                        
# units = specified
# name 0 = scan: Scan Count
# name 1 = prDM: Pressure, Digiquartz [db]
# name 2 = depSM: Depth [salt water, m]
# name 3 = t090C: Temperature [ITS-90, deg C]
# name 4 = t190C: Temperature, 2 [ITS-90, deg C]
# name 5 = c0mS/cm: Conductivity [mS/cm]
# name 6 = c1mS/cm: Conductivity, 2 [mS/cm]
# name 7 = sbeox0V: Oxygen raw, SBE 43 [V]
# name 8 = CStarTr0: Beam Transmission, WET Labs C-Star [%]
# name 9 = v1: Voltage 1
# name 10 = flSP: Fluorescence, Seapoint
# name 11 = v0: Voltage 0
# name 12 = wetCDOM: Fluorescence, WET Labs CDOM [mg/m^3]
# name 13 = v4: Voltage 4
# name 14 = upoly0: Upoly 0, ISUS
# name 15 = par: PAR/Irradiance, Biospherical/Licor
# name 16 = spar: SPAR/Surface Irradiance
# name 17 = altM: Altimeter [m]
# name 18 = sbeox0ML/L: Oxygen, SBE 43 [ml/l], WS = 1
# name 19 = sal00: Salinity, Practical [PSU]
# name 20 = sal11: Salinity, Practical, 2 [PSU]
# name 21 = potemp090C: Potential Temperature [ITS-90, deg C]
# name 22 = sigma-é00: Density [sigma-theta, Kg/m^3]
# name 23 = svCM: Sound Velocity [Chen-Millero, m/s]
# name 24 = nbin: number of scans per bin
# name 25 = flag: flag
# span 0 =      10618,      79044       
# span 1 =      1.000,   2238.000       
# span 2 =      0.989,   2202.797       
# span 3 =    -1.4297,     0.9345       
# span 4 =    -1.4289,     0.9340       
# span 5 =  21.563589,  29.912074       
# span 6 =  21.569423,  29.912150       
# span 7 =     1.6840,     2.6535       
# span 8 =    68.0737,    89.7407       
# span 9 =     3.3341,     4.3773       
# span 10 = 2.9921e-02, 7.1474e-01      
# span 11 =     0.0299,     0.7148      
# span 12 =     2.8712,     5.2736      
# span 13 =     0.1872,     0.2852      
# span 14 = -0.0031014,  0.3358922      
# span 15 = 1.0000e-12, 8.5190e-02      
# span 16 = 0.0000e+00, 0.0000e+00      
# span 17 =       9.80,      98.51      
# span 18 =    5.61787,    8.64296      
# span 19 =    25.5760,    34.9533      
# span 20 =    25.5840,    34.9540      
# span 21 =    -1.4332,     0.9150      
# span 22 =    20.5136,    28.0939      
# span 23 =    1434.78,    1484.45      
# span 24 =         17,        276      
# span 25 = 0.0000e+00, 0.0000e+00      
# interval = decibars: 1                
# start_time = Aug 31 2012 10:58:31 [NMEA time, header]
# bad_flag = -9.990e-29
*END*
[from data line 2056]
      66976   2057.000   2025.501    -0.4028    -0.4032  29.547626  29.547237     1.7218    89.6986     4.3752     0.0219     0.0305     3.5539     0.2151     0.0000 0.000e+000 -9.000e+000      98.41    6.58986    34.9491    34.9490    -0.5070    28.0908    1481.30         22        222
      66999   2058.000   2026.481    -0.4027    -0.4031  29.548141  29.547784     1.7214    89.6950     4.3750     0.0226     0.0318     3.5480     0.2148     0.0000 0.000e+000 -9.000e+000      98.41    6.58869    34.9491    34.9491    -0.5070    28.0908    1481.31         23        222
      67022   2059.000   2027.461    -0.4024    -0.4028  29.548882  29.548449     1.7210    89.6899     4.3748     0.0221     0.0310     3.5331     0.2142     0.0000 0.000e+000 -9.000e+000      98.41    6.58748    34.9492    34.9491    -0.5068    28.0909    1481.33         24        222
      67047   2060.000   2028.441    -0.4023    -0.4027  29.549431  29.548935     1.7205    89.6783     4.3742     0.0219     0.0306     3.5248     0.2139     0.0000 0.000e+000 -9.000e+000      98.41    6.58581    34.9493    34.9491    -0.5067    28.0909    1481.35         25        222
      67071   2061.000   2029.421    -0.4021    -0.4024  29.550074  29.549670     1.7205    89.6812     4.3744     0.0224     0.0316     3.5028     0.2130     0.0000 0.000e+000 -9.000e+000      98.41    6.58662    34.9494    34.9492    -0.5066    28.0910    1481.37         24        222
      67095   2062.000   2030.401    -0.4020    -0.4024  29.550625  29.550095     1.7201    89.6918     4.3748     0.0221     0.0309     3.5561     0.2152     0.0000 0.000e+000 -9.000e+000      98.41    6.58545    34.9494    34.9492    -0.5066    28.0911    1481.39         24        222
      67120   2063.000   2031.380    -0.4020    -0.4023  29.550977  29.550577     1.7200    89.6998     4.3752     0.0217     0.0302     3.6304     0.2182     0.0000 0.000e+000 -9.000e+000      98.41    6.58580    34.9494    34.9492    -0.5067    28.0910    1481.40         25        222
      67146   2064.000   2032.361    -0.4019    -0.4024  29.551364  29.550967     1.7196    89.6913     4.3748     0.0218     0.0304     3.5584     0.2153     0.0000 0.000e+000 -9.000e+000      98.41    6.58464    34.9492    34.9493    -0.5066    28.0909    1481.42         26        222
      67171   2065.000   2033.340    -0.4018    -0.4022  29.551918  29.551494     1.7193    89.7059     4.3756     0.0216     0.0300     3.6845     0.2204     0.0000 0.000e+000 -9.000e+000      98.41    6.58396    34.9493    34.9492    -0.5066    28.0910    1481.44         24        222
      67194   2066.000   2034.320    -0.4015    -0.4018  29.552554  29.552274     1.7188    89.7119     4.3759     0.0216     0.0299     3.5579     0.2152     0.0000 0.000e+000 -9.000e+000      98.41    6.58226    34.9493    34.9493    -0.5064    28.0909    1481.46         23        222
      67216   2067.000   2035.300    -0.4005    -0.4009  29.554014  29.553554     1.7187    89.7142     4.3760     0.0220     0.0308     3.5330     0.2142     0.0000 0.000e+000 -9.000e+000      98.41    6.58241    34.9496    34.9494    -0.5055    28.0911    1481.48         21        222
      67238   2068.000   2036.280    -0.3998    -0.4001  29.555099  29.554743     1.7179    89.7127     4.3759     0.0219     0.0305     3.6119     0.2175     0.0000 0.000e+000 -9.000e+000      98.41    6.57911    34.9497    34.9495    -0.5048    28.0912    1481.50         23        222
      67261   2069.000   2037.260    -0.3993    -0.3997  29.556020  29.555555     1.7177    89.7121     4.3759     0.0222     0.0312     3.6028     0.2170     0.0000 0.000e+000 -9.000e+000      98.41    6.57886    34.9498    34.9496    -0.5044    28.0912    1481.52         24        222
      67286   2070.000   2038.240    -0.3991    -0.3994  29.556595  29.556169     1.7169    89.7163     4.3761     0.0221     0.0310     3.6528     0.2191     0.0000 0.000e+000 -9.000e+000      98.41    6.57567    34.9498    34.9496    -0.5043    28.0912    1481.53         26        222
      67311   2071.000   2039.219    -0.3991    -0.3995  29.556983  29.556486     1.7165    89.7145     4.3760     0.0221     0.0309     3.6290     0.2181     0.0000 0.000e+000 -9.000e+000      98.41    6.57452    34.9498    34.9496    -0.5044    28.0912    1481.55         24        222
      67334   2072.000   2040.200    -0.3991    -0.3995  29.557357  29.556983     1.7162    89.7091     4.3757     0.0225     0.0316     3.5172     0.2136     0.0000 0.000e+000 -9.000e+000      98.41    6.57387    34.9497    34.9497    -0.5044    28.0912    1481.57         22        222
      67356   2073.000   2041.179    -0.3990    -0.3994  29.557902  29.557421     1.7157    89.7128     4.3759     0.0223     0.0312     3.5620     0.2154     0.0000 0.000e+000 -9.000e+000      98.41    6.57219    34.9498    34.9496    -0.5044    28.0912    1481.59         22        222
      67379   2074.000   2042.159    -0.3993    -0.3996  29.558101  29.557762     1.7156    89.7119     4.3759     0.0222     0.0311     3.4792     0.2120     0.0000 0.000e+000 -9.000e+000      98.41    6.57259    34.9499    34.9498    -0.5048    28.0913    1481.60         23        222
      67403   2075.000   2043.139    -0.3993    -0.3997  29.558449  29.558081     1.7156    89.7126     4.3759     0.0223     0.0313     3.5699     0.2157     0.0000 0.000e+000 -9.000e+000      98.41    6.57344    34.9498    34.9498    -0.5048    28.0913    1481.62         25        222
      67428   2076.000   2044.119    -0.3992    -0.3995  29.559022  29.558600     1.7151    89.7149     4.3760     0.0224     0.0314     3.5573     0.2152     0.0000 0.000e+000 -9.000e+000      98.41    6.57176    34.9499    34.9497    -0.5048    28.0914    1481.64         25        222
      67453   2077.000   2045.099    -0.3989    -0.3993  29.559684  29.559234     1.7152    89.7163     4.3761     0.0221     0.0309     3.5755     0.2159     0.0000 0.000e+000 -9.000e+000      98.41    6.57306    34.9499    34.9498    -0.5046    28.0913    1481.65         24        222
      67476   2078.000   2046.079    -0.3988    -0.3993  29.560183  29.559804     1.7149    89.7163     4.3761     0.0221     0.0309     3.6803     0.2202     0.0000 0.000e+000 -9.000e+000      98.41    6.57238    34.9499    34.9500    -0.5045    28.0914    1481.67         22        222
      67498   2079.000   2047.058    -0.3987    -0.3991  29.560797  29.560323     1.7149    89.7111     4.3758     0.0221     0.0309     3.6220     0.2178     0.0000 0.000e+000 -9.000e+000      98.41    6.57320    34.9501    34.9499    -0.5045    28.0915    1481.69         23        222
      67521   2080.000   2048.038    -0.3987    -0.3990  29.561150  29.560741     1.7146    89.6989     4.3752     0.0220     0.0307     3.5227     0.2138     0.0000 0.000e+000 -9.000e+000      98.41    6.57255    34.9500    34.9498    -0.5046    28.0914    1481.71         24        222
      67547   2081.000   2049.018    -0.3984    -0.3987  29.561798  29.561460     1.7145    89.6994     4.3752     0.0220     0.0307     3.5884     0.2165     0.0000 0.000e+000 -9.000e+000      98.41    6.57284    34.9500    34.9499    -0.5044    28.0914    1481.72         27        222
      67574   2082.000   2049.998    -0.3986    -0.3990  29.562024  29.561616     1.7146    89.6981     4.3751     0.0218     0.0304     3.5467     0.2148     0.0000 0.000e+000 -9.000e+000      98.41    6.57423    34.9500    34.9499    -0.5046    28.0914    1481.74         26        222
      67598   2083.000   2050.978    -0.3990    -0.3995  29.562109  29.561595     1.7144    89.6910     4.3748     0.0220     0.0307     3.6066     0.2172     0.0000 0.000e+000 -9.000e+000      98.41    6.57415    34.9500    34.9499    -0.5051    28.0915    1481.76         23        222
      67620   2084.000   2051.958    -0.3991    -0.3994  29.562383  29.561961     1.7145    89.6958     4.3750     0.0222     0.0310     3.6158     0.2176     0.0000 0.000e+000 -9.000e+000      98.41    6.57553    34.9500    34.9498    -0.5052    28.0914    1481.77         21        222
      67641   2085.000   2052.937    -0.3993    -0.3995  29.562649  29.562384     1.7144    89.6911     4.3748     0.0223     0.0313     3.6128     0.2174     0.0000 0.000e+000 -9.000e+000      98.41    6.57591    34.9500    34.9499    -0.5055    28.0915    1481.79         22        222
      67664   2086.000   2053.917    -0.3995    -0.3998  29.562828  29.562479     1.7144    89.6910     4.3748     0.0225     0.0316     3.6145     0.2175     0.0000 0.000e+000 -9.000e+000      98.41    6.57680    34.9500    34.9498    -0.5058    28.0914    1481.80         23        222
      67688   2087.000   2054.897    -0.3997    -0.4000  29.563127  29.562667     1.7143    89.6910     4.3748     0.0222     0.0311     3.6196     0.2177     0.0000 0.000e+000 -9.000e+000      98.41    6.57718    34.9500    34.9498    -0.5060    28.0915    1481.82         26        222
      67714   2088.000   2055.877    -0.4000    -0.4004  29.563214  29.562883     1.7142    89.6910     4.3748     0.0222     0.0312     3.6143     0.2175     0.0000 0.000e+000 -9.000e+000      98.41    6.57759    34.9500    34.9500    -0.5064    28.0915    1481.84         25        222
      67738   2089.000   2056.857    -0.3999    -0.4003  29.563649  29.563298     1.7144    89.6910     4.3748     0.0225     0.0316     3.6171     0.2176     0.0000 0.000e+000 -9.000e+000      98.41    6.57943    34.9499    34.9499    -0.5064    28.0914    1481.85         23        222
      67760   2090.000   2057.837    -0.3999    -0.4002  29.564197  29.563721     1.7144    89.6910     4.3748     0.0222     0.0312     3.6589     0.2193     0.0000 0.000e+000 -9.000e+000      98.41    6.58027    34.9501    34.9498    -0.5064    28.0916    1481.87         21        222
      67782   2091.000   2058.816    -0.4001    -0.4004  29.564373  29.563973     1.7142    89.6887     4.3747     0.0224     0.0315     3.7152     0.2216     0.0000 0.000e+000 -9.000e+000      98.41    6.58016    34.9500    34.9498    -0.5067    28.0915    1481.89         22        222
      67804   2092.000   2059.796    -0.4002    -0.4005  29.564676  29.564261     1.7143    89.6910     4.3748     0.0221     0.0308     3.6616     0.2194     0.0000 0.000e+000 -9.000e+000      98.41    6.58153    34.9500    34.9498    -0.5069    28.0915    1481.90         23        222
      67828   2093.000   2060.776    -0.4000    -0.4004  29.565351  29.564857     1.7142    89.6910     4.3748     0.0219     0.0306     3.6182     0.2176     0.0000 0.000e+000 -9.000e+000      98.41    6.58183    34.9501    34.9499    -0.5068    28.0916    1481.92         24        222
      67852   2094.000   2061.755    -0.3999    -0.4003  29.565731  29.565316     1.7138    89.6910     4.3748     0.0220     0.0308     3.6723     0.2199     0.0000 0.000e+000 -9.000e+000      98.41    6.58066    34.9500    34.9499    -0.5067    28.0915    1481.94         25        222
      67877   2095.000   2062.735    -0.3996    -0.3999  29.566543  29.566147     1.7134    89.6869     4.3746     0.0220     0.0307     3.5904     0.2166     0.0000 0.000e+000 -9.000e+000      98.41    6.57944    34.9502    34.9500    -0.5065    28.0917    1481.96         25        222
      67902   2096.000   2063.715    -0.3987    -0.3991  29.567771  29.567383     1.7132    89.6910     4.3748     0.0220     0.0308     3.6760     0.2200     0.0000 0.000e+000 -9.000e+000      98.41    6.57911    34.9503    34.9502    -0.5057    28.0917    1481.98         25        222
      67926   2097.000   2064.695    -0.3981    -0.3984  29.568709  29.568420     1.7130    89.6910     4.3748     0.0224     0.0316     3.6967     0.2209     0.0000 0.000e+000 -9.000e+000      98.41    6.57884    34.9503    34.9502    -0.5052    28.0917    1482.00         23        222
      67949   2098.000   2065.675    -0.3980    -0.3984  29.569300  29.568845     1.7121    89.6902     4.3748     0.0221     0.0309     3.5515     0.2150     0.0000 0.000e+000 -9.000e+000      98.41    6.57514    34.9504    34.9503    -0.5051    28.0918    1482.01         22        222
      67971   2099.000   2066.654    -0.3976    -0.3980  29.569988  29.569661     1.7121    89.6895     4.3747     0.0221     0.0310     3.5887     0.2165     0.0000 0.000e+000 -9.000e+000      98.41    6.57592    34.9503    34.9504    -0.5048    28.0917    1482.03         22        222
      67993   2100.000   2067.634    -0.3975    -0.3979  29.570540  29.570116     1.7117    89.6899     4.3747     0.0221     0.0310     3.6098     0.2173     0.0000 0.000e+000 -9.000e+000      98.41    6.57473    34.9504    34.9503    -0.5048    28.0918    1482.05         23        222
      68017   2101.000   2068.614    -0.3979    -0.3983  29.570631  29.570278     1.7112    89.6910     4.3748     0.0223     0.0313     3.6193     0.2177     0.0000 0.000e+000 -9.000e+000      98.41    6.57314    34.9505    34.9505    -0.5052    28.0918    1482.07         25        222
      68043   2102.000   2069.594    -0.3976    -0.3980  29.571304  29.570864     1.7102    89.6910     4.3748     0.0225     0.0318     3.6422     0.2187     0.0000 0.000e+000 -9.000e+000      98.41    6.56891    34.9505    34.9504    -0.5050    28.0918    1482.08         26        222
      68068   2103.000   2070.574    -0.3967    -0.3970  29.572643  29.572165     1.7096    89.6910     4.3748     0.0221     0.0310     3.6660     0.2197     0.0000 0.000e+000 -9.000e+000      98.41    6.56656    34.9507    34.9504    -0.5042    28.0920    1482.10         24        222
      68090   2104.000   2071.553    -0.3957    -0.3960  29.573964  29.573565     1.7084    89.6910     4.3748     0.0222     0.0312     3.5547     0.2151     0.0000 0.000e+000 -9.000e+000      98.41    6.56118    34.9508    34.9506    -0.5033    28.0920    1482.13         22        222
      68112   2105.000   2072.533    -0.3948    -0.3951  29.575257  29.574854     1.7078    89.6898     4.3747     0.0218     0.0304     3.5878     0.2165     0.0000 0.000e+000 -9.000e+000      98.41    6.55883    34.9510    34.9508    -0.5025    28.0921    1482.15         21        222
      68133   2106.000   2073.512    -0.3938    -0.3941  29.576713  29.576326     1.7069    89.6899     4.3747     0.0222     0.0311     3.6440     0.2188     0.0000 0.000e+000 -9.000e+000      98.40    6.55495    34.9512    34.9510    -0.5016    28.0923    1482.17         22        222
      68156   2107.000   2074.492    -0.3934    -0.3937  29.577557  29.577181     1.7057    89.6910     4.3748     0.0221     0.0310     3.6475     0.2189     0.0000 0.000e+000 -9.000e+000      98.41    6.54968    34.9513    34.9512    -0.5012    28.0923    1482.19         23        222
      68181   2108.000   2075.472    -0.3930    -0.3932  29.578293  29.577912     1.7046    89.6901     4.3748     0.0224     0.0315     3.6647     0.2196     0.0000 0.000e+000 -9.000e+000      98.41    6.54492    34.9513    34.9511    -0.5009    28.0923    1482.21         27        222
      68207   2109.000   2076.452    -0.3922    -0.3926  29.579434  29.579033     1.7033    89.6899     4.3747     0.0219     0.0305     3.6597     0.2194     0.0000 0.000e+000 -9.000e+000      98.41    6.53907    34.9514    34.9513    -0.5002    28.0923    1482.23         24        222
      68230   2110.000   2077.431    -0.3917    -0.3919  29.580389  29.580032     1.7022    89.6910     4.3748     0.0220     0.0307     3.6777     0.2201     0.0000 0.000e+000 -9.000e+000      98.41    6.53428    34.9516    34.9513    -0.4998    28.0925    1482.25         23        222
      68252   2111.000   2078.411    -0.3908    -0.3911  29.581631  29.581171     1.7011    89.6910     4.3748     0.0224     0.0315     3.5965     0.2168     0.0000 0.000e+000 -9.000e+000      98.41    6.52941    34.9517    34.9514    -0.4990    28.0925    1482.27         21        222
