sandbox/issues/20xx/2044/d201211_0047.cnv
* Sea-Bird SBE 9 Data File:
* FileName = C:\2012-11\CTD Raw\201211-0047.hdr
* Software Version Seasave V 7.21d
* Temperature SN = 4397
* Conductivity SN = 2992
* Number of Bytes Per Scan = 40
* Number of Voltage Words = 5
* Number of Scans Averaged by the Deck Unit = 1
* NMEA Latitude = 76 59.99 N
* NMEA Longitude = 170 00.56 W
* NMEA UTC (Time) = Aug 31 2012 10:58:31
* NMEA baud rate = 4800
** Ship:  CCGS Louis St-Laurent
** Cruise:  2012-11
** Station:   TU-2
** Depth (m):  2213
# nquan = 26
# nvalues = 2238                        
# units = specified
# name 0 = scan: Scan Count
# name 1 = prDM: Pressure, Digiquartz [db]
# name 2 = depSM: Depth [salt water, m]
# name 3 = t090C: Temperature [ITS-90, deg C]
# name 4 = t190C: Temperature, 2 [ITS-90, deg C]
# name 5 = c0mS/cm: Conductivity [mS/cm]
# name 6 = c1mS/cm: Conductivity, 2 [mS/cm]
# name 7 = sbeox0V: Oxygen raw, SBE 43 [V]
# name 8 = CStarTr0: Beam Transmission, WET Labs C-Star [%]
# name 9 = v1: Voltage 1
# name 10 = flSP: Fluorescence, Seapoint
# name 11 = v0: Voltage 0
# name 12 = wetCDOM: Fluorescence, WET Labs CDOM [mg/m^3]
# name 13 = v4: Voltage 4
# name 14 = upoly0: Upoly 0, ISUS
# name 15 = par: PAR/Irradiance, Biospherical/Licor
# name 16 = spar: SPAR/Surface Irradiance
# name 17 = altM: Altimeter [m]
# name 18 = sbeox0ML/L: Oxygen, SBE 43 [ml/l], WS = 1
# name 19 = sal00: Salinity, Practical [PSU]
# name 20 = sal11: Salinity, Practical, 2 [PSU]
# name 21 = potemp090C: Potential Temperature [ITS-90, deg C]
# name 22 = sigma-é00: Density [sigma-theta, Kg/m^3]
# name 23 = svCM: Sound Velocity [Chen-Millero, m/s]
# name 24 = nbin: number of scans per bin
# name 25 = flag: flag
# span 0 =      10618,      79044       
# span 1 =      1.000,   2238.000       
# span 2 =      0.989,   2202.797       
# span 3 =    -1.4297,     0.9345       
# span 4 =    -1.4289,     0.9340       
# span 5 =  21.563589,  29.912074       
# span 6 =  21.569423,  29.912150       
# span 7 =     1.6840,     2.6535       
# span 8 =    68.0737,    89.7407       
# span 9 =     3.3341,     4.3773       
# span 10 = 2.9921e-02, 7.1474e-01      
# span 11 =     0.0299,     0.7148      
# span 12 =     2.8712,     5.2736      
# span 13 =     0.1872,     0.2852      
# span 14 = -0.0031014,  0.3358922      
# span 15 = 1.0000e-12, 8.5190e-02      
# span 16 = 0.0000e+00, 0.0000e+00      
# span 17 =       9.80,      98.51      
# span 18 =    5.61787,    8.64296      
# span 19 =    25.5760,    34.9533      
# span 20 =    25.5840,    34.9540      
# span 21 =    -1.4332,     0.9150      
# span 22 =    20.5136,    28.0939      
# span 23 =    1434.78,    1484.45      
# span 24 =         17,        276      
# span 25 = 0.0000e+00, 0.0000e+00      
# interval = decibars: 1                
# start_time = Aug 31 2012 10:58:31 [NMEA time, header]
# bad_flag = -9.990e-29
*END*
[from data line 1223]
      47496   1224.000   1207.627    -0.2592    -0.2596  29.274619  29.274329     1.9526    89.7163     4.3761     0.0230     0.0326     3.6824     0.2203     0.0000 0.000e+000 -9.000e+000      98.38    6.92020    34.8843    34.8844    -0.3136    28.0291    1467.91         23        222
      47519   1225.000   1208.611    -0.2597    -0.2601  29.274860  29.274485     1.9524    89.7141     4.3760     0.0232     0.0332     3.6610     0.2194     0.0000 0.000e+000 -9.000e+000      98.38    6.92031    34.8846    34.8846    -0.3142    28.0294    1467.92         23        222
      47541   1226.000   1209.594    -0.2598    -0.2602  29.275094  29.274789     1.9524    89.7143     4.3760     0.0235     0.0336     3.7858     0.2245     0.0000 0.000e+000 -9.000e+000      98.39    6.92125    34.8845    34.8845    -0.3143    28.0292    1467.94         22        222
      47564   1227.000   1210.578    -0.2603    -0.2607  29.275237  29.274795     1.9519    89.7160     4.3761     0.0229     0.0325     3.7246     0.2220     0.0000 0.000e+000 -9.000e+000      98.39    6.92003    34.8847    34.8845    -0.3149    28.0294    1467.95         23        222
      47587   1228.000   1211.562    -0.2619    -0.2623  29.274279  29.273972     1.9517    89.7163     4.3761     0.0234     0.0333     3.6567     0.2193     0.0000 0.000e+000 -9.000e+000      98.39    6.92037    34.8846    34.8847    -0.3165    28.0295    1467.96         23        222
      47610   1229.000   1212.546    -0.2623    -0.2628  29.274403  29.274001     1.9508    89.7152     4.3760     0.0234     0.0335     3.6938     0.2208     0.0000 0.000e+000 -9.000e+000      98.38    6.91735    34.8847    34.8847    -0.3170    28.0296    1467.98         23        222
      47633   1230.000   1213.529    -0.2624    -0.2628  29.274896  29.274460     1.9502    89.7163     4.3761     0.0237     0.0340     3.7340     0.2224     0.0000 0.000e+000 -9.000e+000      98.39    6.91560    34.8849    34.8848    -0.3171    28.0297    1467.99         22        222
      47655   1231.000   1214.513    -0.2625    -0.2629  29.275319  29.274959     1.9500    89.7163     4.3761     0.0234     0.0335     3.7069     0.2213     0.0000 0.000e+000 -9.000e+000      98.39    6.91564    34.8850    34.8850    -0.3173    28.0298    1468.01         24        662
      47679   1232.000   1215.497    -0.2631    -0.2630  29.275251  29.275322     1.9500    89.7163     4.3761     0.0236     0.0339     3.6798     0.2202     0.0000 0.000e+000 -9.000e+000      98.39    6.91726    34.8850    34.8850    -0.3179    28.0299    1468.02         23        662
      47703   1233.000   1216.480    -0.2637    -0.2634  29.275182  29.275435     1.9496    89.7152     4.3760     0.0227     0.0321     3.7299     0.2222     0.0000 0.000e+000 -9.000e+000      98.38    6.92022    34.8850    34.8850    -0.3186    28.0299    1468.04         24        662
      47726   1234.000   1217.464    -0.2643    -0.2644  29.275114  29.275025     1.9491    89.7149     4.3760     0.0230     0.0326     3.6791     0.2202     0.0000 0.000e+000 -9.000e+000      98.38    6.91492    34.8851    34.8851    -0.3192    28.0300    1468.05         23        662
      47748   1235.000   1218.448    -0.2649    -0.2653  29.275045  29.274732     1.9491    89.7144     4.3760     0.0231     0.0328     3.6819     0.2203     0.0000 0.000e+000 -9.000e+000      98.38    6.91576    34.8851    34.8851    -0.3199    28.0300    1468.07         22        662
      47770   1236.000   1219.431    -0.2663    -0.2667  29.274474  29.274079     1.9481    89.7143     4.3760     0.0228     0.0323     3.7330     0.2223     0.0000 0.000e+000 -9.000e+000      98.38    6.91247    34.8853    34.8853    -0.3213    28.0303    1468.08         22        222
      47793   1237.000   1220.415    -0.2670    -0.2675  29.274230  29.273934     1.9478    89.7089     4.3757     0.0236     0.0338     3.7081     0.2213     0.0000 0.000e+000 -9.000e+000      98.39    6.91219    34.8852    34.8854    -0.3221    28.0303    1468.09         24        222
      47818   1238.000   1221.399    -0.2675    -0.2679  29.274357  29.274067     1.9475    89.7140     4.3760     0.0233     0.0333     3.7909     0.2248     0.0000 0.000e+000 -9.000e+000      98.38    6.91185    34.8854    34.8855    -0.3226    28.0304    1468.10         25        222
      47843   1239.000   1222.383    -0.2678    -0.2682  29.274644  29.274307     1.9472    89.7099     4.3758     0.0230     0.0327     3.6007     0.2170     0.0000 0.000e+000 -9.000e+000      98.39    6.91148    34.8856    34.8856    -0.3230    28.0306    1468.12         25        222
      47867   1240.000   1223.366    -0.2684    -0.2687  29.274632  29.274324     1.9470    89.7122     4.3759     0.0231     0.0328     3.7379     0.2226     0.0000 0.000e+000 -9.000e+000      98.39    6.91162    34.8857    34.8856    -0.3236    28.0307    1468.13         23        222
      47889   1241.000   1224.350    -0.2693    -0.2698  29.274293  29.273941     1.9469    89.7083     4.3757     0.0233     0.0333     3.7364     0.2225     0.0000 0.000e+000 -9.000e+000      98.39    6.91226    34.8857    34.8858    -0.3246    28.0307    1468.15         21        222
      47910   1242.000   1225.334    -0.2695    -0.2700  29.274727  29.274315     1.9468    89.7150     4.3760     0.0234     0.0334     3.6615     0.2195     0.0000 0.000e+000 -9.000e+000      98.39    6.91276    34.8859    34.8859    -0.3248    28.0309    1468.16         22        222
      47932   1243.000   1226.318    -0.2724    -0.2728  29.272640  29.272267     1.9468    89.7114     4.3758     0.0229     0.0325     3.7230     0.2219     0.0000 0.000e+000 -9.000e+000      98.38    6.91425    34.8859    34.8858    -0.3277    28.0310    1468.17         22        222
      47955   1244.000   1227.301    -0.2734    -0.2737  29.272250  29.271971     1.9465    89.7083     4.3757     0.0230     0.0327     3.7698     0.2239     0.0000 0.000e+000 -9.000e+000      98.39    6.91402    34.8859    34.8859    -0.3288    28.0311    1468.18         24        222
      47981   1245.000   1228.285    -0.2740    -0.2744  29.272319  29.272054     1.9464    89.7116     4.3759     0.0232     0.0330     3.7239     0.2220     0.0000 0.000e+000 -9.000e+000      98.39    6.91460    34.8861    34.8862    -0.3294    28.0313    1468.19         27        222
      48007   1246.000   1229.268    -0.2747    -0.2751  29.272289  29.271973     1.9464    89.7161     4.3761     0.0230     0.0327     3.7760     0.2241     0.0000 0.000e+000 -9.000e+000      98.38    6.91564    34.8863    34.8863    -0.3302    28.0315    1468.21         25        222
      48031   1247.000   1230.252    -0.2748    -0.2752  29.272590  29.272323     1.9463    89.7082     4.3757     0.0231     0.0329     3.7344     0.2224     0.0000 0.000e+000 -9.000e+000      98.38    6.91614    34.8862    34.8863    -0.3303    28.0315    1468.22         22        222
      48052   1248.000   1231.235    -0.2748    -0.2752  29.273044  29.272726     1.9462    89.7071     4.3756     0.0236     0.0339     3.7328     0.2223     0.0000 0.000e+000 -9.000e+000      98.39    6.91660    34.8863    34.8863    -0.3304    28.0315    1468.24         20        222
      48072   1249.000   1232.220    -0.2752    -0.2756  29.273152  29.272848     1.9457    89.7070     4.3756     0.0234     0.0334     3.7688     0.2238     0.0000 0.000e+000 -9.000e+000      98.38    6.91536    34.8863    34.8864    -0.3309    28.0315    1468.25         21        222
      48093   1250.000   1233.203    -0.2755    -0.2760  29.273367  29.272999     1.9457    89.7017     4.3753     0.0236     0.0338     3.7153     0.2217     0.0000 0.000e+000 -9.000e+000      98.39    6.91633    34.8864    34.8864    -0.3312    28.0316    1468.27         23        222
      48118   1251.000   1234.187    -0.2757    -0.2761  29.273621  29.273368     1.9456    89.7044     4.3755     0.0234     0.0334     3.6808     0.2202     0.0000 0.000e+000 -9.000e+000      98.39    6.91684    34.8864    34.8865    -0.3315    28.0316    1468.28         25        222
      48144   1252.000   1235.170    -0.2762    -0.2767  29.273602  29.273277     1.9450    89.7126     4.3759     0.0234     0.0334     3.7602     0.2235     0.0000 0.000e+000 -9.000e+000      98.39    6.91517    34.8863    34.8865    -0.3320    28.0316    1468.30         27        222
      48169   1253.000   1236.154    -0.2767    -0.2771  29.273774  29.273495     1.9453    89.7118     4.3759     0.0226     0.0320     3.8240     0.2261     0.0000 0.000e+000 -9.000e+000      98.39    6.91752    34.8866    34.8866    -0.3326    28.0318    1468.31         23        222
      48192   1254.000   1237.138    -0.2781    -0.2784  29.273088  29.272809     1.9453    89.6952     4.3750     0.0228     0.0323     3.7005     0.2211     0.0000 0.000e+000 -9.000e+000      98.39    6.91871    34.8867    34.8866    -0.3340    28.0320    1468.32         22        222
      48213   1255.000   1238.121    -0.2790    -0.2794  29.272722  29.272484     1.9451    89.7035     4.3755     0.0238     0.0341     3.6539     0.2192     0.0000 0.000e+000 -9.000e+000      98.39    6.91891    34.8866    34.8868    -0.3349    28.0320    1468.34         21        222
      48235   1256.000   1239.105    -0.2793    -0.2797  29.272953  29.272655     1.9451    89.7149     4.3760     0.0234     0.0334     3.6683     0.2198     0.0000 0.000e+000 -9.000e+000      98.39    6.91988    34.8867    34.8868    -0.3353    28.0321    1468.35         23        222
      48258   1257.000   1240.088    -0.2796    -0.2800  29.273200  29.272893     1.9451    89.7101     4.3758     0.0231     0.0329     3.6888     0.2206     0.0000 0.000e+000 -9.000e+000      98.38    6.92085    34.8868    34.8869    -0.3357    28.0322    1468.37         24        222
      48283   1258.000   1241.072    -0.2800    -0.2804  29.273327  29.272990     1.9445    89.7132     4.3760     0.0235     0.0336     3.7598     0.2235     0.0000 0.000e+000 -9.000e+000      98.38    6.91916    34.8869    34.8869    -0.3361    28.0323    1468.38         25        222
      48307   1259.000   1242.056    -0.2810    -0.2814  29.273038  29.272722     1.9445    89.7152     4.3760     0.0236     0.0339     3.7308     0.2223     0.0000 0.000e+000 -9.000e+000      98.39    6.92026    34.8871    34.8871    -0.3372    28.0325    1468.39         24        222
      48331   1260.000   1243.039    -0.2816    -0.2820  29.273047  29.272724     1.9442    89.7131     4.3759     0.0230     0.0326     3.7401     0.2227     0.0000 0.000e+000 -9.000e+000      98.39    6.91994    34.8872    34.8872    -0.3378    28.0326    1468.41         23        222
      48353   1261.000   1244.023    -0.2818    -0.2822  29.273252  29.272988     1.9435    89.7083     4.3757     0.0233     0.0332     3.7824     0.2244     0.0000 0.000e+000 -9.000e+000      98.39    6.91776    34.8871    34.8872    -0.3381    28.0325    1468.42         22        222
      48376   1262.000   1245.007    -0.2821    -0.2825  29.273490  29.273166     1.9436    89.7108     4.3758     0.0230     0.0326     3.7424     0.2227     0.0000 0.000e+000 -9.000e+000      98.39    6.91919    34.8872    34.8872    -0.3384    28.0326    1468.44         23        222
      48399   1263.000   1245.990    -0.2824    -0.2829  29.273624  29.273348     1.9436    89.7137     4.3760     0.0233     0.0332     3.7451     0.2229     0.0000 0.000e+000 -9.000e+000      98.39    6.92016    34.8871    34.8873    -0.3388    28.0326    1468.45         23        222
      48422   1264.000   1246.973    -0.2827    -0.2831  29.273893  29.273597     1.9436    89.7123     4.3759     0.0229     0.0325     3.7302     0.2223     0.0000 0.000e+000 -9.000e+000      98.39    6.92113    34.8873    34.8873    -0.3391    28.0327    1468.47         23        222
      48445   1265.000   1247.957    -0.2832    -0.2836  29.273926  29.273645     1.9430    89.7141     4.3760     0.0235     0.0336     3.6691     0.2198     0.0000 0.000e+000 -9.000e+000      98.38    6.91945    34.8873    34.8874    -0.3397    28.0328    1468.48         23        222
      48468   1266.000   1248.941    -0.2838    -0.2842  29.273890  29.273592     1.9427    89.7100     4.3758     0.0229     0.0326     3.6697     0.2198     0.0000 0.000e+000 -9.000e+000      98.38    6.91914    34.8874    34.8874    -0.3403    28.0329    1468.50         23        222
      48492   1267.000   1249.924    -0.2842    -0.2846  29.274048  29.273760     1.9429    89.7139     4.3760     0.0235     0.0336     3.7568     0.2233     0.0000 0.000e+000 -9.000e+000      98.39    6.92103    34.8875    34.8876    -0.3408    28.0330    1468.51         24        222
      48516   1268.000   1250.908    -0.2848    -0.2852  29.274088  29.273732     1.9426    89.7143     4.3760     0.0230     0.0327     3.7950     0.2249     0.0000 0.000e+000 -9.000e+000      98.38    6.92071    34.8877    34.8876    -0.3414    28.0331    1468.53         25        222
      48540   1269.000   1251.891    -0.2860    -0.2864  29.273623  29.273334     1.9421    89.7107     4.3758     0.0229     0.0324     3.6932     0.2207     0.0000 0.000e+000 -9.000e+000      98.39    6.91961    34.8878    34.8879    -0.3427    28.0334    1468.54         23        222
      48563   1270.000   1252.875    -0.2865    -0.2869  29.273619  29.273331     1.9423    89.7120     4.3759     0.0235     0.0336     3.6946     0.2208     0.0000 0.000e+000 -9.000e+000      98.39    6.92152    34.8878    34.8879    -0.3432    28.0334    1468.55         23        222
      48585   1271.000   1253.858    -0.2870    -0.2875  29.273668  29.273356     1.9418    89.7108     4.3758     0.0229     0.0324     3.7241     0.2220     0.0000 0.000e+000 -9.000e+000      98.39    6.92029    34.8879    34.8880    -0.3438    28.0335    1468.57         22        222
      48607   1272.000   1254.842    -0.2877    -0.2880  29.273698  29.273397     1.9417    89.7076     4.3757     0.0232     0.0331     3.6379     0.2185     0.0000 0.000e+000 -9.000e+000      98.38    6.92088    34.8882    34.8881    -0.3445    28.0337    1468.58         21        222
      48629   1273.000   1255.825    -0.2878    -0.2882  29.274013  29.273649     1.9413    89.7089     4.3757     0.0234     0.0334     3.6910     0.2206     0.0000 0.000e+000 -9.000e+000      98.39    6.92002    34.8881    34.8881    -0.3447    28.0337    1468.60         24        222
      48653   1274.000   1256.809    -0.2880    -0.2884  29.274263  29.273944     1.9409    89.7142     4.3760     0.0235     0.0336     3.6929     0.2208     0.0000 0.000e+000 -9.000e+000      98.39    6.91918    34.8881    34.8881    -0.3449    28.0337    1468.61         24        222
      48679   1275.000   1257.792    -0.2884    -0.2888  29.274432  29.274067     1.9405    89.7153     4.3761     0.0230     0.0327     3.8511     0.2272     0.0000 0.000e+000 -9.000e+000      98.39    6.91837    34.8882    34.8882    -0.3454    28.0338    1468.63         26        222
      48703   1276.000   1258.776    -0.2888    -0.2891  29.274507  29.274227     1.9401    89.7121     4.3759     0.0231     0.0329     3.7084     0.2214     0.0000 0.000e+000 -9.000e+000      98.39    6.91757    34.8882    34.8882    -0.3458    28.0338    1468.64         24        222
      48727   1277.000   1259.760    -0.2892    -0.2896  29.274704  29.274385     1.9399    89.7129     4.3759     0.0230     0.0326     3.6858     0.2204     0.0000 0.000e+000 -9.000e+000      98.39    6.91766    34.8884    34.8884    -0.3463    28.0340    1468.66         22        222
