sandbox/issues/20xx/2044/d201211_0047.cnv
* Sea-Bird SBE 9 Data File:
* FileName = C:\2012-11\CTD Raw\201211-0047.hdr
* Software Version Seasave V 7.21d
* Temperature SN = 4397
* Conductivity SN = 2992
* Number of Bytes Per Scan = 40
* Number of Voltage Words = 5
* Number of Scans Averaged by the Deck Unit = 1
* NMEA Latitude = 76 59.99 N
* NMEA Longitude = 170 00.56 W
* NMEA UTC (Time) = Aug 31 2012 10:58:31
* NMEA baud rate = 4800
** Ship:  CCGS Louis St-Laurent
** Cruise:  2012-11
** Station:   TU-2
** Depth (m):  2213
# nquan = 26
# nvalues = 2238                        
# units = specified
# name 0 = scan: Scan Count
# name 1 = prDM: Pressure, Digiquartz [db]
# name 2 = depSM: Depth [salt water, m]
# name 3 = t090C: Temperature [ITS-90, deg C]
# name 4 = t190C: Temperature, 2 [ITS-90, deg C]
# name 5 = c0mS/cm: Conductivity [mS/cm]
# name 6 = c1mS/cm: Conductivity, 2 [mS/cm]
# name 7 = sbeox0V: Oxygen raw, SBE 43 [V]
# name 8 = CStarTr0: Beam Transmission, WET Labs C-Star [%]
# name 9 = v1: Voltage 1
# name 10 = flSP: Fluorescence, Seapoint
# name 11 = v0: Voltage 0
# name 12 = wetCDOM: Fluorescence, WET Labs CDOM [mg/m^3]
# name 13 = v4: Voltage 4
# name 14 = upoly0: Upoly 0, ISUS
# name 15 = par: PAR/Irradiance, Biospherical/Licor
# name 16 = spar: SPAR/Surface Irradiance
# name 17 = altM: Altimeter [m]
# name 18 = sbeox0ML/L: Oxygen, SBE 43 [ml/l], WS = 1
# name 19 = sal00: Salinity, Practical [PSU]
# name 20 = sal11: Salinity, Practical, 2 [PSU]
# name 21 = potemp090C: Potential Temperature [ITS-90, deg C]
# name 22 = sigma-é00: Density [sigma-theta, Kg/m^3]
# name 23 = svCM: Sound Velocity [Chen-Millero, m/s]
# name 24 = nbin: number of scans per bin
# name 25 = flag: flag
# span 0 =      10618,      79044       
# span 1 =      1.000,   2238.000       
# span 2 =      0.989,   2202.797       
# span 3 =    -1.4297,     0.9345       
# span 4 =    -1.4289,     0.9340       
# span 5 =  21.563589,  29.912074       
# span 6 =  21.569423,  29.912150       
# span 7 =     1.6840,     2.6535       
# span 8 =    68.0737,    89.7407       
# span 9 =     3.3341,     4.3773       
# span 10 = 2.9921e-02, 7.1474e-01      
# span 11 =     0.0299,     0.7148      
# span 12 =     2.8712,     5.2736      
# span 13 =     0.1872,     0.2852      
# span 14 = -0.0031014,  0.3358922      
# span 15 = 1.0000e-12, 8.5190e-02      
# span 16 = 0.0000e+00, 0.0000e+00      
# span 17 =       9.80,      98.51      
# span 18 =    5.61787,    8.64296      
# span 19 =    25.5760,    34.9533      
# span 20 =    25.5840,    34.9540      
# span 21 =    -1.4332,     0.9150      
# span 22 =    20.5136,    28.0939      
# span 23 =    1434.78,    1484.45      
# span 24 =         17,        276      
# span 25 = 0.0000e+00, 0.0000e+00      
# interval = decibars: 1                
# start_time = Aug 31 2012 10:58:31 [NMEA time, header]
# bad_flag = -9.990e-29
*END*
[from data line 889]
      39510    890.000    878.794     0.0566     0.0561  29.384605  29.384295     2.0477    89.7298     4.3767     0.0229     0.0324     3.6372     0.2185     0.0000 0.000e+000 -9.000e+000      98.36    6.96055    34.8636    34.8637     0.0174    27.9952    1463.80         24        222
      39535    891.000    879.779     0.0559     0.0555  29.384572  29.384280     2.0476    89.7252     4.3765     0.0235     0.0337     3.6323     0.2182     0.0000 0.000e+000 -9.000e+000      98.36    6.96121    34.8638    34.8638     0.0166    27.9954    1463.81         25        222
      39560    892.000    880.764     0.0544     0.0539  29.383803  29.383499     2.0474    89.7190     4.3762     0.0231     0.0329     3.6856     0.2204     0.0000 0.000e+000 -9.000e+000      98.36    6.96160    34.8639    34.8640     0.0151    27.9956    1463.82         24        222
      39582    893.000    881.749     0.0531     0.0527  29.383111  29.382845     2.0471    89.7272     4.3766     0.0236     0.0338     3.6390     0.2185     0.0000 0.000e+000 -9.000e+000      98.36    6.96153    34.8638    34.8639     0.0138    27.9956    1463.83         21        222
      39602    894.000    882.735     0.0524     0.0519  29.382957  29.382607     2.0470    89.7224     4.3764     0.0226     0.0319     3.6341     0.2184     0.0000 0.000e+000 -9.000e+000      98.36    6.96220    34.8639    34.8640     0.0130    27.9957    1463.85         20        222
      39622    895.000    883.720     0.0513     0.0508  29.382525  29.382206     2.0466    89.7282     4.3767     0.0234     0.0334     3.6731     0.2199     0.0000 0.000e+000 -9.000e+000      98.36    6.96166    34.8640    34.8641     0.0119    27.9958    1463.86         19        222
      39642    896.000    884.705     0.0503     0.0499  29.382216  29.381890     2.0464    89.7252     4.3765     0.0228     0.0323     3.7148     0.2216     0.0000 0.000e+000 -9.000e+000      98.36    6.96195    34.8641    34.8641     0.0108    27.9960    1463.87         22        222
      39667    897.000    885.691     0.0498     0.0493  29.382167  29.381891     2.0463    89.7248     4.3765     0.0230     0.0326     3.7229     0.2219     0.0000 0.000e+000 -9.000e+000      98.36    6.96258    34.8640    34.8642     0.0103    27.9960    1463.88         28        222
      39695    898.000    886.676     0.0477     0.0473  29.380889  29.380590     2.0459    89.7247     4.3765     0.0231     0.0328     3.6994     0.2210     0.0000 0.000e+000 -9.000e+000      98.36    6.96224    34.8641    34.8642     0.0081    27.9962    1463.89         27        222
      39720    899.000    887.661     0.0454     0.0449  29.379320  29.378963     2.0457    89.7313     4.3768     0.0234     0.0334     3.6873     0.2205     0.0000 0.000e+000 -9.000e+000      98.36    6.96279    34.8641    34.8642     0.0058    27.9963    1463.90         22        222
      39740    900.000    888.647     0.0427     0.0422  29.377416  29.377077     2.0453    89.7266     4.3766     0.0233     0.0332     3.7085     0.2214     0.0000 0.000e+000 -9.000e+000      98.36    6.96258    34.8641    34.8642     0.0031    27.9964    1463.90         20        222
      39760    901.000    889.632     0.0416     0.0411  29.376890  29.376538     2.0451    89.7266     4.3766     0.0232     0.0331     3.7054     0.2212     0.0000 0.000e+000 -9.000e+000      98.36    6.96290    34.8640    34.8641     0.0019    27.9964    1463.91         19        222
      39780    902.000    890.617     0.0407     0.0403  29.376595  29.376290     2.0445    89.7256     4.3765     0.0229     0.0324     3.6799     0.2202     0.0000 0.000e+000 -9.000e+000      98.36    6.96147    34.8641    34.8641     0.0010    27.9965    1463.92         21        222
      39802    903.000    891.602     0.0409     0.0405  29.377262  29.377004     2.0442    89.7307     4.3768     0.0233     0.0332     3.7315     0.2223     0.0000 0.000e+000 -9.000e+000      98.36    6.96111    34.8642    34.8643     0.0011    27.9966    1463.94         24        222
      39828    904.000    892.588     0.0398     0.0393  29.376667  29.376316     2.0443    89.7314     4.3768     0.0229     0.0325     3.5170     0.2136     0.0000 0.000e+000 -9.000e+000      98.36    6.96270    34.8640    34.8641    -0.0000    27.9965    1463.95         27        222
      39853    905.000    893.573     0.0381     0.0376  29.375760  29.375333     2.0441    89.7273     4.3766     0.0235     0.0336     3.6216     0.2178     0.0000 0.000e+000 -9.000e+000      98.36    6.96313    34.8642    34.8642    -0.0018    27.9968    1463.96         23        222
      39875    906.000    894.558     0.0368     0.0362  29.375103  29.374693     2.0439    89.7261     4.3766     0.0231     0.0329     3.6230     0.2179     0.0000 0.000e+000 -9.000e+000      98.36    6.96348    34.8642    34.8643    -0.0031    27.9968    1463.97         21        222
      39895    907.000    895.543     0.0351     0.0345  29.374035  29.373647     2.0439    89.7317     4.3768     0.0232     0.0331     3.6168     0.2176     0.0000 0.000e+000 -9.000e+000      98.36    6.96477    34.8641    34.8643    -0.0048    27.9969    1463.98         20        222
      39916    908.000    896.529     0.0332     0.0327  29.372842  29.372513     2.0434    89.7325     4.3769     0.0230     0.0326     3.6520     0.2191     0.0000 0.000e+000 -9.000e+000      98.36    6.96396    34.8641    34.8643    -0.0068    27.9970    1463.99         22        222
      39939    909.000    897.514     0.0320     0.0316  29.372285  29.372016     2.0436    89.7292     4.3767     0.0233     0.0333     3.7274     0.2221     0.0000 0.000e+000 -9.000e+000      98.36    6.96599    34.8642    34.8643    -0.0080    27.9971    1464.00         23        222
      39962    910.000    898.499     0.0312     0.0307  29.372112  29.371738     2.0434    89.7396     4.3772     0.0238     0.0342     3.6242     0.2179     0.0000 0.000e+000 -9.000e+000      98.36    6.96625    34.8643    34.8644    -0.0089    27.9972    1464.01         23        222
      39985    911.000    899.484     0.0296     0.0290  29.371268  29.370780     2.0429    89.7255     4.3765     0.0233     0.0332     3.7036     0.2211     0.0000 0.000e+000 -9.000e+000      98.36    6.96538    34.8644    34.8644    -0.0105    27.9974    1464.02         22        222
      40006    912.000    900.470     0.0278     0.0274  29.370140  29.369762     2.0428    89.7307     4.3768     0.0234     0.0333     3.7559     0.2233     0.0000 0.000e+000 -9.000e+000      98.36    6.96626    34.8644    34.8643    -0.0123    27.9975    1464.03         21        222
      40027    913.000    901.455     0.0266     0.0263  29.369592  29.369318     2.0424    89.7256     4.3765     0.0233     0.0332     3.6948     0.2208     0.0000 0.000e+000 -9.000e+000      98.36    6.96574    34.8644    34.8644    -0.0136    27.9976    1464.04         22        222
      40051    914.000    902.440     0.0263     0.0258  29.369756  29.369271     2.0420    89.7257     4.3766     0.0230     0.0326     3.6482     0.2189     0.0000 0.000e+000 -9.000e+000      98.36    6.96505    34.8644    34.8643    -0.0139    27.9976    1464.06         25        222
      40076    915.000    903.425     0.0247     0.0241  29.368855  29.368444     2.0421    89.7337     4.3769     0.0230     0.0326     3.7513     0.2231     0.0000 0.000e+000 -9.000e+000      98.36    6.96673    34.8645    34.8646    -0.0156    27.9977    1464.07         25        222
      40100    916.000    904.410     0.0231     0.0228  29.368001  29.367761     2.0419    89.7306     4.3768     0.0233     0.0333     3.7167     0.2217     0.0000 0.000e+000 -9.000e+000      98.36    6.96714    34.8646    34.8646    -0.0172    27.9979    1464.08         22        222
      40121    917.000    905.395     0.0224     0.0219  29.367832  29.367516     2.0416    89.7092     4.3757     0.0228     0.0323     3.6462     0.2189     0.0000 0.000e+000 -9.000e+000      98.36    6.96695    34.8646    34.8647    -0.0180    27.9979    1464.09         21        222
      40142    918.000    906.381     0.0214     0.0210  29.367435  29.367054     2.0413    89.7203     4.3763     0.0236     0.0337     3.6642     0.2196     0.0000 0.000e+000 -9.000e+000      98.36    6.96682    34.8646    34.8645    -0.0190    27.9980    1464.10         21        222
      40164    919.000    907.366     0.0203     0.0198  29.366900  29.366658     2.0412    89.7295     4.3767     0.0231     0.0328     3.6913     0.2207     0.0000 0.000e+000 -9.000e+000      98.36    6.96756    34.8645    34.8648    -0.0201    27.9980    1464.11         24        222
      40188    920.000    908.351     0.0192     0.0188  29.366414  29.366095     2.0405    89.7238     4.3764     0.0231     0.0329     3.7086     0.2214     0.0000 0.000e+000 -9.000e+000      98.36    6.96574    34.8646    34.8646    -0.0213    27.9981    1464.12         24        222
      40213    921.000    909.336     0.0179     0.0175  29.365783  29.365537     2.0401    89.7172     4.3761     0.0231     0.0328     3.7217     0.2219     0.0000 0.000e+000 -9.000e+000      98.36    6.96524    34.8646    34.8648    -0.0226    27.9982    1464.13         24        222
      40235    922.000    910.321     0.0166     0.0162  29.365138  29.364872     2.0395    89.7163     4.3761     0.0230     0.0326     3.6608     0.2194     0.0000 0.000e+000 -9.000e+000      98.36    6.96389    34.8647    34.8648    -0.0240    27.9983    1464.15         21        222
      40257    923.000    911.306     0.0164     0.0160  29.365474  29.365294     2.0397    89.7174     4.3762     0.0237     0.0340     3.6168     0.2176     0.0000 0.000e+000 -9.000e+000      98.36    6.96572    34.8648    34.8650    -0.0242    27.9984    1464.16         22        222
      40279    924.000    912.292     0.0155     0.0151  29.365425  29.365038     2.0396    89.7185     4.3762     0.0234     0.0334     3.6108     0.2174     0.0000 0.000e+000 -9.000e+000      98.36    6.96640    34.8651    34.8651    -0.0252    27.9988    1464.17         23        222
      40302    925.000    913.277     0.0143     0.0139  29.364811  29.364531     2.0391    89.7163     4.3761     0.0230     0.0327     3.5527     0.2150     0.0000 0.000e+000 -9.000e+000      98.36    6.96546    34.8651    34.8652    -0.0264    27.9988    1464.18         23        222
      40325    926.000    914.262     0.0128     0.0124  29.364002  29.363581     2.0391    89.7186     4.3762     0.0231     0.0329     3.7768     0.2242     0.0000 0.000e+000 -9.000e+000      98.36    6.96669    34.8652    34.8651    -0.0280    27.9989    1464.19         23        222
      40347    927.000    915.247     0.0116     0.0111  29.363322  29.363108     2.0384    89.7174     4.3762     0.0231     0.0329     3.6830     0.2203     0.0000 0.000e+000 -9.000e+000      98.36    6.96490    34.8650    34.8653    -0.0292    27.9989    1464.21         21        222
      40368    928.000    916.232     0.0099     0.0095  29.362462  29.362109     2.0383    89.7163     4.3761     0.0236     0.0338     3.6613     0.2195     0.0000 0.000e+000 -9.000e+000      98.36    6.96575    34.8653    34.8652    -0.0309    27.9992    1464.21         22        222
      40390    929.000    917.217     0.0095     0.0091  29.362529  29.362235     2.0380    89.7127     4.3759     0.0230     0.0326     3.7002     0.2210     0.0000 0.000e+000 -9.000e+000      98.36    6.96550    34.8652    34.8653    -0.0314    27.9992    1464.23         21        222
      40412    930.000    918.202     0.0091     0.0087  29.362734  29.362473     2.0381    89.7163     4.3761     0.0239     0.0344     3.6823     0.2203     0.0000 0.000e+000 -9.000e+000      98.36    6.96694    34.8654    34.8655    -0.0318    27.9993    1464.24         23        222
      40436    931.000    919.188     0.0082     0.0078  29.362320  29.362005     2.0377    89.7163     4.3761     0.0237     0.0340     3.6824     0.2203     0.0000 0.000e+000 -9.000e+000      98.37    6.96637    34.8653    34.8653    -0.0328    27.9993    1464.26         24        222
      40459    932.000    920.173     0.0070     0.0065  29.361816  29.361491     2.0374    89.7175     4.3762     0.0233     0.0332     3.7011     0.2211     0.0000 0.000e+000 -9.000e+000      98.36    6.96626    34.8654    34.8655    -0.0340    27.9994    1464.27         23        222
      40482    933.000    921.158     0.0047     0.0042  29.360314  29.360015     2.0373    89.7184     4.3762     0.0237     0.0339     3.6228     0.2178     0.0000 0.000e+000 -9.000e+000      98.36    6.96723    34.8654    34.8656    -0.0364    27.9996    1464.27         23        222
      40504    934.000    922.143     0.0024     0.0019  29.358883  29.358506     2.0369    89.7152     4.3760     0.0235     0.0336     3.6497     0.2190     0.0000 0.000e+000 -9.000e+000      98.36    6.96692    34.8656    34.8656    -0.0387    27.9998    1464.28         21        222
      40525    935.000    923.128     0.0013     0.0009  29.358625  29.358151     2.0365    89.7163     4.3761     0.0226     0.0318     3.7348     0.2225     0.0000 0.000e+000 -9.000e+000      98.36    6.96636    34.8659    34.8657    -0.0398    28.0002    1464.29         21        222
      40547    936.000    924.113    -0.0001    -0.0005  29.357866  29.357469     2.0356    89.7120     4.3759     0.0237     0.0339     3.7528     0.2232     0.0000 0.000e+000 -9.000e+000      98.37    6.96374    34.8659    34.8658    -0.0413    28.0002    1464.30         23        222
      40570    937.000    925.098    -0.0009    -0.0013  29.357569  29.357321     2.0355    89.7063     4.3756     0.0239     0.0343     3.6530     0.2191     0.0000 0.000e+000 -9.000e+000      98.36    6.96442    34.8658    34.8660    -0.0421    28.0002    1464.31         23        222
      40594    938.000    926.083    -0.0017    -0.0021  29.357455  29.357143     2.0348    89.7049     4.3755     0.0231     0.0328     3.6900     0.2206     0.0000 0.000e+000 -9.000e+000      98.37    6.96253    34.8660    34.8660    -0.0430    28.0004    1464.33         25        222
      40618    939.000    927.068    -0.0019    -0.0023  29.357867  29.357539     2.0346    89.6934     4.3749     0.0232     0.0330     3.7495     0.2231     0.0000 0.000e+000 -9.000e+000      98.36    6.96265    34.8662    34.8662    -0.0432    28.0006    1464.34         23        222
      40640    940.000    928.053    -0.0040    -0.0045  29.356563  29.356204     2.0341    89.6953     4.3750     0.0230     0.0326     3.7502     0.2231     0.0000 0.000e+000 -9.000e+000      98.36    6.96187    34.8663    34.8664    -0.0454    28.0008    1464.35         21        222
      40661    941.000    929.038    -0.0049    -0.0053  29.356235  29.355893     2.0333    89.6967     4.3751     0.0232     0.0331     3.8601     0.2275     0.0000 0.000e+000 -9.000e+000      98.36    6.95958    34.8663    34.8663    -0.0463    28.0008    1464.36         21        222
      40682    942.000    930.023    -0.0059    -0.0064  29.355775  29.355456     2.0330    89.6919     4.3748     0.0229     0.0326     3.7439     0.2228     0.0000 0.000e+000 -9.000e+000      98.36    6.95944    34.8662    34.8664    -0.0474    28.0008    1464.37         21        222
      40704    943.000    931.009    -0.0081    -0.0086  29.354390  29.353973     2.0328    89.6946     4.3750     0.0236     0.0338     3.7068     0.2213     0.0000 0.000e+000 -9.000e+000      98.36    6.95996    34.8663    34.8663    -0.0496    28.0010    1464.38         23        222
      40727    944.000    931.994    -0.0098    -0.0103  29.353292  29.353064     2.0330    89.7035     4.3754     0.0228     0.0323     3.5466     0.2148     0.0000 0.000e+000 -9.000e+000      98.37    6.96210    34.8662    34.8665    -0.0513    28.0010    1464.39         24        222
