create_data/ctd/BED0302.CNV
* Sea-Bird SBE 25 Data File:
* FileName = C:\SEASOFT3\BASIN\BED0302.HEX
* Software Version 4.230a
* Temperature SN = 1140
* Conductivity SN = 832
* System UpLoad Time = Oct 15 2003 11:38:38
* Command Line = seasave 
** Ship:      Divcom3
** Cruise:    Halifax Harbour
** Station:   Stn 2
** Latitude:  N44 41.056
** Longitude: w63 38.633
# nquan = 7
# nvalues = 773                     
# units = metric
# name 0 = scan: scan number
# name 1 = timeS: time [s]
# name 2 = pr: pressure [db]
# name 3 = depS: depth, salt water [m]
# name 4 = t068: temperature, IPTS-68 [deg C]
# name 5 = sal00: salinity, PSS-78 [PSU]
# name 6 = flag:  0.000e+00
# span 0 = 1, 773                       
# span 1 = 0.000, 772.000               
# span 2 = -0.378, 163.899              
# span 3 = -0.375, 162.504              
# span 4 = 2.3237, 99.0000              
# span 5 = 0.3276, 99.0000              
# span 6 = 0.000e+00, 0.000e+00         
# interval = seconds: 1                           
# start_time = Oct 15 1903 11:38:38
# bad_flag = -9.990e-29
*END*
[from data line 616]
        617    616.000     21.450     21.274     7.7501    31.4046  0.000e+00
        618    617.000     21.259     21.085     7.7505    31.4085  0.000e+00
        619    618.000     21.021     20.849     7.7507    31.4076  0.000e+00
        620    619.000     20.830     20.660     7.7508    31.4048  0.000e+00
        621    620.000     20.735     20.565     7.7838    31.4058  0.000e+00
        622    621.000     20.353     20.187     7.7973    31.3996  0.000e+00
        623    622.000     20.163     19.998     7.8201    31.3888  0.000e+00
        624    623.000     19.829     19.667     7.8126    31.3647  0.000e+00
        625    624.000     19.734     19.573     7.8165    31.3613  0.000e+00
        626    625.000     19.448     19.289     7.9156    31.3589  0.000e+00
        627    626.000     19.352     19.194     7.9244    31.3735  0.000e+00
        628    627.000     19.209     19.053     8.0392    31.3675  0.000e+00
        629    628.000     18.876     18.722     8.0478    31.3715  0.000e+00
        630    629.000     18.685     18.533     8.0721    31.3690  0.000e+00
        631    630.000     18.352     18.202     8.0958    31.3631  0.000e+00
        632    631.000     18.304     18.154     8.1080    31.3569  0.000e+00
        633    632.000     17.970     17.824     8.1251    31.3601  0.000e+00
        634    633.000     17.827     17.682     8.1277    31.3580  0.000e+00
        635    634.000     17.637     17.493     8.1167    31.3538  0.000e+00
        636    635.000     17.398     17.256     8.1085    31.3441  0.000e+00
        637    636.000     17.065     16.925     8.1481    31.3471  0.000e+00
        638    637.000     16.922     16.784     8.2516    31.3439  0.000e+00
        639    638.000     16.540     16.405     8.3280    31.3354  0.000e+00
        640    639.000     16.397     16.264     8.4277    31.3268  0.000e+00
        641    640.000     16.254     16.122     8.4765    31.3164  0.000e+00
        642    641.000     16.111     15.980     8.6137    31.2971  0.000e+00
        643    642.000     15.825     15.696     8.6184    31.2963  0.000e+00
        644    643.000     15.635     15.507     8.6205    31.2978  0.000e+00
        645    644.000     15.444     15.318     8.6536    31.2916  0.000e+00
        646    645.000     15.206     15.082     8.7152    31.2776  0.000e+00
        647    646.000     15.158     15.035     8.7555    31.2753  0.000e+00
        648    647.000     14.872     14.751     8.7675    31.2708  0.000e+00
        649    648.000     14.729     14.609     8.7941    31.2707  0.000e+00
        650    649.000     14.634     14.515     8.8541    31.2611  0.000e+00
        651    650.000     14.300     14.184     8.8714    31.2586  0.000e+00
        652    651.000     14.014     13.900     8.8786    31.2595  0.000e+00
        653    652.000     13.776     13.664     8.8849    31.2580  0.000e+00
        654    653.000     13.490     13.380     8.8883    31.2604  0.000e+00
        655    654.000     13.347     13.238     8.9207    31.2546  0.000e+00
        656    655.000     13.252     13.144     9.0083    31.2394  0.000e+00
        657    656.000     12.966     12.860     9.0693    31.2169  0.000e+00
        658    657.000     12.823     12.718     9.1588    31.2137  0.000e+00
        659    658.000     12.489     12.387     9.1581    31.2160  0.000e+00
        660    659.000     12.298     12.198     9.2000    31.2107  0.000e+00
        661    660.000     12.060     11.962     9.2160    31.2043  0.000e+00
        662    661.000     11.822     11.726     9.2533    31.2026  0.000e+00
        663    662.000     11.727     11.631     9.2522    31.2047  0.000e+00
        664    663.000     11.536     11.442     9.3229    31.1927  0.000e+00
        665    664.000     11.107     11.017     9.3739    31.1785  0.000e+00
        666    665.000     10.916     10.827     9.4204    31.1798  0.000e+00
        667    666.000     10.630     10.544     9.4504    31.1728  0.000e+00
        668    667.000     10.392     10.307     9.4828    31.1686  0.000e+00
        669    668.000     10.201     10.118     9.5190    31.1608  0.000e+00
        670    669.000     10.058      9.977     9.6497    31.1337  0.000e+00
        671    670.000      9.820      9.740     9.7340    31.1272  0.000e+00
        672    671.000      9.534      9.457     9.8502    31.1206  0.000e+00
        673    672.000      9.344      9.268     9.9710    31.0710  0.000e+00
        674    673.000      9.153      9.078    10.0882    31.0666  0.000e+00
        675    674.000      8.962      8.889    10.2266    31.0512  0.000e+00
        676    675.000      8.819      8.748    10.3487    31.0250  0.000e+00
        677    676.000      8.724      8.653    10.4737    31.0024  0.000e+00
        678    677.000      8.629      8.559    10.5795    30.9819  0.000e+00
        679    678.000      8.486      8.417    10.8751    30.9096  0.000e+00
        680    679.000      8.343      8.275    11.0763    30.8915  0.000e+00
        681    680.000      8.057      7.991    11.2546    30.8874  0.000e+00
        682    681.000      7.914      7.849    11.3975    30.8981  0.000e+00
        683    682.000      7.676      7.613    11.4101    30.8853  0.000e+00
        684    683.000      7.580      7.519    11.5244    30.8919  0.000e+00
        685    684.000      7.294      7.235    11.5259    30.8881  0.000e+00
        686    685.000      7.199      7.140    11.6544    30.8676  0.000e+00
        687    686.000      7.008      6.951    11.6549    30.8689  0.000e+00
        688    687.000      6.675      6.621    11.7921    30.8286  0.000e+00
        689    688.000      6.389      6.337    11.9324    30.7862  0.000e+00
        690    689.000      6.103      6.053    12.0079    30.7747  0.000e+00
        691    690.000      5.865      5.817    12.0547    30.7427  0.000e+00
        692    691.000      5.626      5.581    12.0994    30.7120  0.000e+00
        693    692.000      5.531      5.486    12.1648    30.6886  0.000e+00
        694    693.000      5.054      5.013    12.3502    30.5863  0.000e+00
        695    694.000      4.912      4.872    13.3386    30.1792  0.000e+00
        696    695.000      4.578      4.541    13.8283    29.9536  0.000e+00
        697    696.000      4.387      4.352    14.1343    29.8679  0.000e+00
        698    697.000      4.197      4.163    14.1423    29.8680  0.000e+00
        699    698.000      4.006      3.974    14.2004    29.8586  0.000e+00
        700    699.000      3.863      3.832    14.2282    29.8564  0.000e+00
        701    700.000      3.387      3.359    14.2566    29.8397  0.000e+00
        702    701.000      3.244      3.217    14.2906    29.8381  0.000e+00
        703    702.000      2.958      2.934    14.2776    29.8375  0.000e+00
        704    703.000      2.672      2.650    14.3094    29.8321  0.000e+00
        705    704.000      2.624      2.603    14.3333    29.8247  0.000e+00
        706    705.000      2.529      2.508    14.3389    29.8270  0.000e+00
        707    706.000      2.576      2.555    14.3288    29.8341  0.000e+00
        708    707.000      2.576      2.555    14.3262    29.8362  0.000e+00
        709    708.000      2.576      2.555    14.3311    29.8358  0.000e+00
        710    709.000      2.529      2.508    14.3310    29.8357  0.000e+00
        711    710.000      2.529      2.508    14.3340    29.8358  0.000e+00
        712    711.000      2.386      2.366    14.3359    29.8367  0.000e+00
        713    712.000      2.481      2.461    14.3446    29.8325  0.000e+00
        714    713.000      2.290      2.272    14.3404    29.8347  0.000e+00
        715    714.000      2.338      2.319    14.3430    29.8349  0.000e+00
        716    715.000      2.195      2.177    14.3405    29.8349  0.000e+00
        717    716.000      2.100      2.083    14.3454    29.8347  0.000e+00
        718    717.000      2.148      2.130    14.3441    29.8356  0.000e+00
        719    718.000      1.957      1.941    14.3387    29.8403  0.000e+00
        720    719.000      2.052      2.036    14.3383    29.8388  0.000e+00
        721    720.000      1.814      1.799    14.3362    29.8412  0.000e+00
        722    721.000      2.005      1.988    14.3396    29.8392  0.000e+00
        723    722.000      1.671      1.657    14.3390    29.8405  0.000e+00
        724    723.000      1.862      1.846    14.3405    29.8385  0.000e+00
        725    724.000      1.623      1.610    14.3387    29.8388  0.000e+00
        726    725.000      1.719      1.705    14.3407    29.8407  0.000e+00
        727    726.000      1.623      1.610    14.3418    29.8409  0.000e+00
        728    727.000      1.623      1.610    14.3398    29.8408  0.000e+00
        729    728.000      1.623      1.610    14.3385    29.8431  0.000e+00
        730    729.000      1.528      1.516    14.3431    29.8407  0.000e+00
        731    730.000      1.528      1.516    14.3403    29.8419  0.000e+00
        732    731.000      1.480      1.468    14.3404    29.8422  0.000e+00
        733    732.000      1.433      1.421    14.3398    29.8422  0.000e+00
        734    733.000      1.385      1.374    14.3418    29.8429  0.000e+00
        735    734.000      1.385      1.374    14.3422    29.8421  0.000e+00
        736    735.000      1.337      1.327    14.3409    29.8431  0.000e+00
        737    736.000      1.194      1.185    14.3407    29.8436  0.000e+00
        738    737.000      1.337      1.327    14.3388    29.8436  0.000e+00
        739    738.000      1.099      1.090    14.3398    29.8452  0.000e+00
        740    739.000      1.194      1.185    14.3388    29.8439  0.000e+00
        741    740.000      1.099      1.090    14.3370    29.8451  0.000e+00
        742    741.000      1.099      1.090    14.3377    29.8442  0.000e+00
        743    742.000      1.099      1.090    14.3381    29.8442  0.000e+00
        744    743.000      1.051      1.043    14.3387    29.8466  0.000e+00
        745    744.000      1.051      1.043    14.3385    29.8456  0.000e+00
        746    745.000      0.956      0.948    14.3390    29.8462  0.000e+00
        747    746.000      0.956      0.948    14.3389    29.8462  0.000e+00
        748    747.000      0.861      0.854    14.3372    29.8470  0.000e+00
        749    748.000      0.813      0.807    14.3392    29.8454  0.000e+00
        750    749.000      0.766      0.759    14.3387    29.8465  0.000e+00
        751    750.000      0.623      0.618    14.3388    29.8461  0.000e+00
        752    751.000      0.575      0.570    14.3388    29.8465  0.000e+00
        753    752.000      0.432      0.428    14.3388    29.8446  0.000e+00
        754    753.000      0.384      0.381    14.3387    29.8439  0.000e+00
        755    754.000      0.337      0.334    14.3370    29.8447  0.000e+00
        756    755.000      0.289      0.287    14.3385    29.8428  0.000e+00
        757    756.000      0.289      0.287    14.3388    29.8425  0.000e+00
        758    757.000      0.146      0.145    14.3396    29.8407  0.000e+00
        759    758.000      0.146      0.145    14.3405    29.8413  0.000e+00
        760    759.000      0.003      0.003    14.3383    29.8430  0.000e+00
        761    760.000      0.051      0.050    14.3402    29.8406  0.000e+00
        762    761.000     -0.045     -0.044    14.3385    29.8435  0.000e+00
        763    762.000     -0.045     -0.044    14.3389    29.8438  0.000e+00
        764    763.000     -0.140     -0.139    14.3398    29.8425  0.000e+00
        765    764.000     -0.092     -0.091    14.3405    29.8408  0.000e+00
        766    765.000     -0.235     -0.233    14.3351    29.8460  0.000e+00
        767    766.000     -0.187     -0.186    14.3260    29.8347  0.000e+00
        768    767.000     -0.283     -0.281    14.3372    29.8295  0.000e+00
        769    768.000     -0.283     -0.281    14.3193    29.8365  0.000e+00
        770    769.000     -0.330     -0.328    14.3279     4.1547  0.000e+00
        771    770.000     -0.283     -0.281    14.3340     2.4054  0.000e+00
        772    771.000     -0.330     -0.328    14.3323     2.1942  0.000e+00
        773    772.000     -0.283     -0.281    14.3172     1.8496  0.000e+00
