create_data/ctd/BED0302.CNV
* Sea-Bird SBE 25 Data File:
* FileName = C:\SEASOFT3\BASIN\BED0302.HEX
* Software Version 4.230a
* Temperature SN = 1140
* Conductivity SN = 832
* System UpLoad Time = Oct 15 2003 11:38:38
* Command Line = seasave 
** Ship:      Divcom3
** Cruise:    Halifax Harbour
** Station:   Stn 2
** Latitude:  N44 41.056
** Longitude: w63 38.633
# nquan = 7
# nvalues = 773                     
# units = metric
# name 0 = scan: scan number
# name 1 = timeS: time [s]
# name 2 = pr: pressure [db]
# name 3 = depS: depth, salt water [m]
# name 4 = t068: temperature, IPTS-68 [deg C]
# name 5 = sal00: salinity, PSS-78 [PSU]
# name 6 = flag:  0.000e+00
# span 0 = 1, 773                       
# span 1 = 0.000, 772.000               
# span 2 = -0.378, 163.899              
# span 3 = -0.375, 162.504              
# span 4 = 2.3237, 99.0000              
# span 5 = 0.3276, 99.0000              
# span 6 = 0.000e+00, 0.000e+00         
# interval = seconds: 1                           
# start_time = Oct 15 1903 11:38:38
# bad_flag = -9.990e-29
*END*
          1      0.000    163.899    162.504    99.0000    99.0000  0.000e+00
          2      1.000     -0.187     -0.186    12.9290     0.3808  0.000e+00
          3      2.000     -0.235     -0.233    12.9290     0.3757  0.000e+00
          4      3.000     -0.235     -0.233    12.9299     0.3779  0.000e+00
          5      4.000     -0.235     -0.233    12.9315     0.3752  0.000e+00
          6      5.000     -0.283     -0.281    12.9327     0.3725  0.000e+00
          7      6.000     -0.235     -0.233    12.9371     0.3720  0.000e+00
          8      7.000     -0.283     -0.281    12.9384     0.3688  0.000e+00
          9      8.000     -0.283     -0.281    12.9382     0.3685  0.000e+00
         10      9.000     -0.283     -0.281    12.9366     0.3709  0.000e+00
         11     10.000     -0.283     -0.281    12.9364     0.3711  0.000e+00
         12     11.000     -0.283     -0.281    12.9348     0.3719  0.000e+00
         13     12.000     -0.330     -0.328    12.9350     0.3755  0.000e+00
         14     13.000     -0.283     -0.281    12.9346     0.3717  0.000e+00
         15     14.000     -0.330     -0.328    12.9342     0.3729  0.000e+00
         16     15.000     -0.330     -0.328    12.9337     0.3590  0.000e+00
         17     16.000     -0.330     -0.328    12.9307     0.3535  0.000e+00
         18     17.000     -0.330     -0.328    12.9263     0.3510  0.000e+00
         19     18.000     -0.330     -0.328    12.9224     0.3441  0.000e+00
         20     19.000     -0.330     -0.328    12.9222     0.3459  0.000e+00
         21     20.000     -0.330     -0.328    12.9209     0.3397  0.000e+00
         22     21.000     -0.330     -0.328    12.9202     0.3383  0.000e+00
         23     22.000     -0.330     -0.328    12.9198     0.3309  0.000e+00
         24     23.000     -0.330     -0.328    12.9323     0.4023  0.000e+00
         25     24.000     -0.330     -0.328    12.9535     1.0007  0.000e+00
         26     25.000     -0.330     -0.328    12.9731     1.1604  0.000e+00
         27     26.000     -0.378     -0.375    12.9884     1.0220  0.000e+00
         28     27.000     -0.330     -0.328    13.0052     0.9151  0.000e+00
         29     28.000     -0.330     -0.328    13.0460     0.8937  0.000e+00
         30     29.000     -0.330     -0.328    13.0825     0.7614  0.000e+00
         31     30.000     -0.330     -0.328    13.1086     0.7129  0.000e+00
         32     31.000     -0.378     -0.375    13.1247     0.7520  0.000e+00
         33     32.000     -0.378     -0.375    13.1168     0.6852  0.000e+00
         34     33.000     -0.378     -0.375    13.1022     0.7095  0.000e+00
         35     34.000     -0.378     -0.375    13.0956     0.6862  0.000e+00
         36     35.000     -0.378     -0.375    13.0927     0.6355  0.000e+00
         37     36.000     -0.378     -0.375    13.0844     0.6261  0.000e+00
         38     37.000     -0.378     -0.375    13.0741     0.5446  0.000e+00
         39     38.000     -0.378     -0.375    13.0704     0.5447  0.000e+00
         40     39.000     -0.378     -0.375    13.0726     0.4700  0.000e+00
         41     40.000     -0.378     -0.375    13.0702     0.4612  0.000e+00
         42     41.000     -0.378     -0.375    13.0744     0.4128  0.000e+00
         43     42.000     -0.378     -0.375    13.0803     0.3943  0.000e+00
         44     43.000     -0.378     -0.375    13.0962     0.3714  0.000e+00
         45     44.000     -0.378     -0.375    13.1262     0.3677  0.000e+00
         46     45.000     -0.378     -0.375    13.1901     0.3777  0.000e+00
         47     46.000     -0.378     -0.375    13.2404     0.4060  0.000e+00
         48     47.000     -0.378     -0.375    13.2795     0.4261  0.000e+00
         49     48.000     -0.378     -0.375    13.3098     0.4250  0.000e+00
         50     49.000     -0.378     -0.375    13.3301     0.4351  0.000e+00
         51     50.000     -0.378     -0.375    13.3423     0.4167  0.000e+00
         52     51.000     -0.378     -0.375    13.3482     0.4121  0.000e+00
         53     52.000     -0.378     -0.375    13.3460     0.3931  0.000e+00
         54     53.000     -0.378     -0.375    13.3172     0.3805  0.000e+00
         55     54.000     -0.378     -0.375    13.3059     0.3734  0.000e+00
         56     55.000     -0.378     -0.375    13.2976     0.3560  0.000e+00
         57     56.000     -0.378     -0.375    13.2875     0.3485  0.000e+00
         58     57.000     -0.378     -0.375    13.2793     0.3366  0.000e+00
         59     58.000     -0.378     -0.375    13.2764     0.3276  0.000e+00
         60     59.000     -0.378     -0.375    13.9134     0.3412  0.000e+00
         61     60.000     -0.187     -0.186    14.1913    29.7676  0.000e+00
         62     61.000     -0.187     -0.186    14.1935    16.1086  0.000e+00
         63     62.000      0.051      0.050    14.2050    29.6953  0.000e+00
         64     63.000      0.098      0.098    14.1989    29.7246  0.000e+00
         65     64.000      0.289      0.287    14.2026    29.6478  0.000e+00
         66     65.000      0.194      0.192    14.1293    29.7199  0.000e+00
         67     66.000      0.337      0.334    14.1976    29.7956  0.000e+00
         68     67.000      0.384      0.381    14.2015    29.7599  0.000e+00
         69     68.000      0.718      0.712    14.2063    29.8444  0.000e+00
         70     69.000      1.004      0.996    14.2074    29.8194  0.000e+00
         71     70.000      1.147      1.137    14.2087    29.8528  0.000e+00
         72     71.000      1.147      1.137    14.2063    29.8256  0.000e+00
         73     72.000      1.147      1.137    14.2065    29.8537  0.000e+00
         74     73.000      1.147      1.137    14.2076    29.8279  0.000e+00
         75     74.000      1.147      1.137    14.2111    29.8598  0.000e+00
         76     75.000      1.194      1.185    14.2117    29.7449  0.000e+00
         77     76.000      1.099      1.090    14.2093    29.8621  0.000e+00
         78     77.000      1.194      1.185    14.2110    29.7418  0.000e+00
         79     78.000      1.099      1.090    14.2095    29.8351  0.000e+00
         80     79.000      1.194      1.185    14.2054    29.7774  0.000e+00
         81     80.000      1.099      1.090    14.2052    29.7776  0.000e+00
         82     81.000      1.147      1.137    14.2104    29.8295  0.000e+00
         83     82.000      1.194      1.185    14.2093    29.7617  0.000e+00
         84     83.000      1.147      1.137    14.2067    29.7702  0.000e+00
         85     84.000      1.147      1.137    14.2089    29.8253  0.000e+00
         86     85.000      1.147      1.137    14.2065    29.7515  0.000e+00
         87     86.000      1.147      1.137    14.2091    29.7805  0.000e+00
         88     87.000      1.147      1.137    14.1844    29.7640  0.000e+00
         89     88.000      1.147      1.137    14.2056    29.7654  0.000e+00
         90     89.000      1.147      1.137    14.1846    29.7720  0.000e+00
         91     90.000      1.147      1.137    14.1953    29.7504  0.000e+00
         92     91.000      1.147      1.137    14.1773    29.7745  0.000e+00
         93     92.000      1.147      1.137    14.1757    29.7619  0.000e+00
         94     93.000      1.147      1.137    14.1604    29.7783  0.000e+00
         95     94.000      1.147      1.137    14.0704    29.8565  0.000e+00
         96     95.000      1.147      1.137    14.0177    29.8985  0.000e+00
         97     96.000      1.147      1.137    14.0018    29.9191  0.000e+00
         98     97.000      1.147      1.137    14.0040    29.9162  0.000e+00
         99     98.000      1.147      1.137    14.0044    29.9281  0.000e+00
        100     99.000      1.147      1.137    14.1509    29.8062  0.000e+00
        101    100.000      1.147      1.137    14.0524    29.8934  0.000e+00
        102    101.000      1.147      1.137    14.1672    29.7956  0.000e+00
        103    102.000      1.147      1.137    14.0615    29.8886  0.000e+00
        104    103.000      1.147      1.137    14.1700    29.7988  0.000e+00
        105    104.000      1.147      1.137    14.0323    29.9127  0.000e+00
        106    105.000      1.194      1.185    14.2083    29.7980  0.000e+00
        107    106.000      1.147      1.137    14.2135    29.9205  0.000e+00
        108    107.000      1.099      1.090    14.2149    29.9224  0.000e+00
        109    108.000      1.194      1.185    14.2145    29.9229  0.000e+00
        110    109.000      1.099      1.090    14.2154    29.9228  0.000e+00
        111    110.000      1.194      1.185    14.2135    29.9240  0.000e+00
        112    111.000      1.099      1.090    14.2128    29.9249  0.000e+00
        113    112.000      1.194      1.185    14.2139    29.9237  0.000e+00
        114    113.000      1.099      1.090    14.2156    29.9232  0.000e+00
        115    114.000      1.194      1.185    14.2145    29.9238  0.000e+00
        116    115.000      1.290      1.279    14.2150    29.9242  0.000e+00
        117    116.000      1.147      1.137    14.2147    29.9251  0.000e+00
        118    117.000      1.194      1.185    14.2145    29.9244  0.000e+00
        119    118.000      1.099      1.090    14.2145    29.9250  0.000e+00
        120    119.000      1.147      1.137    14.2149    29.9263  0.000e+00
        121    120.000      1.147      1.137    14.2221    29.9239  0.000e+00
        122    121.000      1.147      1.137    14.2243    29.9233  0.000e+00
        123    122.000      1.147      1.137    14.2232    29.9232  0.000e+00
        124    123.000      1.194      1.185    14.2239    29.9236  0.000e+00
        125    124.000      1.147      1.137    14.2206    29.9242  0.000e+00
        126    125.000      1.147      1.137    14.2178    29.9251  0.000e+00
        127    126.000      1.147      1.137    14.2202    29.9236  0.000e+00
        128    127.000      1.147      1.137    14.2201    29.9240  0.000e+00
        129    128.000      1.290      1.279    14.2211    29.9241  0.000e+00
        130    129.000      1.480      1.468    14.2245    29.9210  0.000e+00
        131    130.000      1.671      1.657    14.2299    29.9205  0.000e+00
        132    131.000      2.052      2.036    14.2285    29.9206  0.000e+00
        133    132.000      2.243      2.225    14.2256    29.9219  0.000e+00
        134    133.000      2.624      2.603    14.2301    29.9206  0.000e+00
        135    134.000      2.672      2.650    14.2366    29.9164  0.000e+00
        136    135.000      3.005      2.981    14.1955    29.9339  0.000e+00
        137    136.000      3.196      3.170    14.1157    29.9667  0.000e+00
        138    137.000      3.482      3.454    14.1431    29.9519  0.000e+00
        139    138.000      3.720      3.690    14.1227    29.9634  0.000e+00
        140    139.000      4.006      3.974    14.1098    29.9699  0.000e+00
        141    140.000      4.197      4.163    14.1031    29.9705  0.000e+00
        142    141.000      4.292      4.257    14.1190    29.9618  0.000e+00
        143    142.000      4.721      4.683    13.2693    30.3046  0.000e+00
        144    143.000      4.721      4.683    13.3769    30.2732  0.000e+00
        145    144.000      5.150      5.108    12.2969    30.7485  0.000e+00
        146    145.000      5.293      5.250    12.1130    30.7636  0.000e+00
        147    146.000      5.674      5.628    12.0189    30.7813  0.000e+00
        148    147.000      5.722      5.675    12.0137    30.7795  0.000e+00
        149    148.000      6.055      6.006    11.7947    30.8467  0.000e+00
        150    149.000      6.198      6.148    11.7372    30.8882  0.000e+00
        151    150.000      6.437      6.384    11.6331    30.9301  0.000e+00
        152    151.000      6.770      6.715    11.4273    30.8928  0.000e+00
        153    152.000      6.961      6.904    11.4430    30.8872  0.000e+00
        154    153.000      7.199      7.140    11.3893    30.9049  0.000e+00
        155    154.000      7.342      7.282    11.2948    30.9166  0.000e+00
        156    155.000      7.437      7.377    11.3117    30.9245  0.000e+00
        157    156.000      7.819      7.755    11.2404    30.9283  0.000e+00
        158    157.000      8.057      7.991    10.9412    30.9801  0.000e+00
        159    158.000      8.295      8.228    10.9370    30.9853  0.000e+00
        160    159.000      8.724      8.653    10.8152    30.9895  0.000e+00
        161    160.000      8.724      8.653    10.7423    30.9982  0.000e+00
        162    161.000      9.058      8.984    10.5454    31.0359  0.000e+00
        163    162.000      9.248      9.173    10.4441    31.0327  0.000e+00
        164    163.000      9.534      9.457    10.2322    31.0883  0.000e+00
        165    164.000      9.725      9.646    10.0341    31.1196  0.000e+00
        166    165.000     10.154     10.071     9.8997    31.0861  0.000e+00
        167    166.000     10.201     10.118     9.7010    31.1802  0.000e+00
        168    167.000     10.392     10.307     9.6033    31.1974  0.000e+00
        169    168.000     10.583     10.497     9.5517    31.2066  0.000e+00
        170    169.000     10.916     10.827     9.5045    31.2061  0.000e+00
        171    170.000     11.107     11.017     9.5038    31.2120  0.000e+00
        172    171.000     11.488     11.395     9.4633    31.2078  0.000e+00
        173    172.000     11.727     11.631     9.4251    31.2148  0.000e+00
        174    173.000     11.870     11.773     9.3915    31.2161  0.000e+00
        175    174.000     12.060     11.962     9.2894    31.2055  0.000e+00
        176    175.000     12.346     12.246     9.1620    31.2630  0.000e+00
        177    176.000     12.489     12.387     9.1043    31.2616  0.000e+00
        178    177.000     12.918     12.813     9.1128    31.2549  0.000e+00
        179    178.000     13.109     13.002     9.0277    31.2692  0.000e+00
        180    179.000     13.347     13.238     9.0187    31.2737  0.000e+00
        181    180.000     13.490     13.380     8.9892    31.2728  0.000e+00
        182    181.000     13.728     13.616     9.0117    31.2660  0.000e+00
        183    182.000     13.919     13.805     8.9677    31.2727  0.000e+00
        184    183.000     14.348     14.231     8.8793    31.2883  0.000e+00
        185    184.000     14.634     14.515     8.8282    31.2944  0.000e+00
        186    185.000     14.824     14.704     8.7572    31.3075  0.000e+00
        187    186.000     15.063     14.940     8.7516    31.3102  0.000e+00
        188    187.000     15.206     15.082     8.6816    31.3139  0.000e+00
        189    188.000     15.539     15.413     8.5293    31.3010  0.000e+00
        190    189.000     15.635     15.507     8.5414    31.2956  0.000e+00
        191    190.000     16.016     15.885     8.4359    31.3575  0.000e+00
        192    191.000     16.207     16.074     8.4447    31.3507  0.000e+00
        193    192.000     16.445     16.311     8.3199    31.3752  0.000e+00
        194    193.000     16.588     16.453     8.3255    31.3595  0.000e+00
        195    194.000     16.874     16.736     8.2131    31.3747  0.000e+00
        196    195.000     17.160     17.020     8.1497    31.3661  0.000e+00
        197    196.000     17.208     17.067     8.0773    31.3674  0.000e+00
        198    197.000     17.637     17.493     8.0163    31.3832  0.000e+00
        199    198.000     17.875     17.729     7.9462    31.3769  0.000e+00
        200    199.000     17.923     17.776     7.9718    31.3684  0.000e+00
        201    200.000     18.161     18.013     7.8406    31.3940  0.000e+00
        202    201.000     18.399     18.249     7.7792    31.3999  0.000e+00
        203    202.000     18.542     18.391     7.7708    31.3996  0.000e+00
        204    203.000     18.828     18.674     7.7363    31.4080  0.000e+00
        205    204.000     19.257     19.100     7.7161    31.4014  0.000e+00
