create_data/ctd/BED0302.CNV
* Sea-Bird SBE 25 Data File:
* FileName = C:\SEASOFT3\BASIN\BED0302.HEX
* Software Version 4.230a
* Temperature SN = 1140
* Conductivity SN = 832
* System UpLoad Time = Oct 15 2003 11:38:38
* Command Line = seasave 
** Ship:      Divcom3
** Cruise:    Halifax Harbour
** Station:   Stn 2
** Latitude:  N44 41.056
** Longitude: w63 38.633
# nquan = 7
# nvalues = 773                     
# units = metric
# name 0 = scan: scan number
# name 1 = timeS: time [s]
# name 2 = pr: pressure [db]
# name 3 = depS: depth, salt water [m]
# name 4 = t068: temperature, IPTS-68 [deg C]
# name 5 = sal00: salinity, PSS-78 [PSU]
# name 6 = flag:  0.000e+00
# span 0 = 1, 773                       
# span 1 = 0.000, 772.000               
# span 2 = -0.378, 163.899              
# span 3 = -0.375, 162.504              
# span 4 = 2.3237, 99.0000              
# span 5 = 0.3276, 99.0000              
# span 6 = 0.000e+00, 0.000e+00         
# interval = seconds: 1                           
# start_time = Oct 15 1903 11:38:38
# bad_flag = -9.990e-29
*END*
[from data line 206]
        207    206.000     19.543     19.384     7.7195    31.3970  0.000e+00
        208    207.000     19.781     19.620     7.7047    31.3985  0.000e+00
        209    208.000     20.020     19.856     7.7034    31.3983  0.000e+00
        210    209.000     20.210     20.045     7.7033    31.3984  0.000e+00
        211    210.000     20.830     20.660     7.6961    31.3998  0.000e+00
        212    211.000     20.878     20.707     7.6881    31.3959  0.000e+00
        213    212.000     21.116     20.944     7.6823    31.3971  0.000e+00
        214    213.000     21.354     21.180     7.6861    31.4152  0.000e+00
        215    214.000     21.545     21.369     7.6865    31.4223  0.000e+00
        216    215.000     21.831     21.653     7.6852    31.4124  0.000e+00
        217    216.000     22.212     22.031     7.6305    31.4262  0.000e+00
        218    217.000     22.355     22.173     7.5792    31.4238  0.000e+00
        219    218.000     22.546     22.362     7.5759    31.4273  0.000e+00
        220    219.000     22.784     22.598     7.5459    31.4314  0.000e+00
        221    220.000     23.023     22.834     7.5451    31.4289  0.000e+00
        222    221.000     23.356     23.165     7.4683    31.4388  0.000e+00
        223    222.000     23.642     23.449     7.3992    31.4449  0.000e+00
        224    223.000     23.928     23.733     7.4252    31.4341  0.000e+00
        225    224.000     24.119     23.922     7.3919    31.4437  0.000e+00
        226    225.000     24.357     24.158     7.3468    31.4405  0.000e+00
        227    226.000     24.500     24.300     7.3078    31.4428  0.000e+00
        228    227.000     24.882     24.678     7.2831    31.4434  0.000e+00
        229    228.000     25.072     24.867     7.2589    31.4458  0.000e+00
        230    229.000     25.454     25.245     7.2669    31.4440  0.000e+00
        231    230.000     25.549     25.340     7.1843    31.4551  0.000e+00
        232    231.000     25.740     25.529     7.1811    31.4411  0.000e+00
        233    232.000     25.930     25.718     7.0843    31.4501  0.000e+00
        234    233.000     26.312     26.096     7.0216    31.4235  0.000e+00
        235    234.000     26.550     26.333     6.8768    31.4508  0.000e+00
        236    235.000     26.979     26.758     6.9003    31.4487  0.000e+00
        237    236.000     27.074     26.853     6.8557    31.4459  0.000e+00
        238    237.000     27.265     27.042     6.8466    31.4445  0.000e+00
        239    238.000     27.503     27.278     6.8522    31.4416  0.000e+00
        240    239.000     27.789     27.562     6.8453    31.4407  0.000e+00
        241    240.000     28.075     27.846     6.7548    31.4428  0.000e+00
        242    241.000     28.409     28.177     6.7569    31.4432  0.000e+00
        243    242.000     28.600     28.366     6.6423    31.4368  0.000e+00
        244    243.000     28.695     28.460     6.5495    31.4415  0.000e+00
        245    244.000     28.886     28.649     6.4718    31.4768  0.000e+00
        246    245.000     29.124     28.886     6.4543    31.4564  0.000e+00
        247    246.000     29.458     29.217     6.3192    31.4384  0.000e+00
        248    247.000     29.792     29.548     6.1368    31.4411  0.000e+00
        249    248.000     30.078     29.831     6.0522    31.4485  0.000e+00
        250    249.000     30.221     29.973     5.8990    31.4564  0.000e+00
        251    250.000     30.507     30.257     5.6845    31.4616  0.000e+00
        252    251.000     30.697     30.446     5.6765    31.4983  0.000e+00
        253    252.000     30.888     30.635     5.5952    31.4486  0.000e+00
        254    253.000     31.222     30.966     5.5681    31.4396  0.000e+00
        255    254.000     31.460     31.202     5.2529    31.4699  0.000e+00
        256    255.000     31.698     31.439     5.0956    31.3796  0.000e+00
        257    256.000     31.841     31.580     4.9544    31.4313  0.000e+00
        258    257.000     32.080     31.817     4.8605    31.4477  0.000e+00
        259    258.000     32.270     32.006     4.7882    31.4343  0.000e+00
        260    259.000     32.604     32.337     4.8024    31.4304  0.000e+00
        261    260.000     32.985     32.715     4.7971    31.4270  0.000e+00
        262    261.000     33.081     32.810     4.7488    31.4379  0.000e+00
        263    262.000     33.224     32.951     4.7391    31.4289  0.000e+00
        264    263.000     33.510     33.235     4.6800    31.4254  0.000e+00
        265    264.000     33.653     33.377     4.6543    31.4280  0.000e+00
        266    265.000     33.939     33.661     4.5495    31.4213  0.000e+00
        267    266.000     34.273     33.992     4.4938    31.4228  0.000e+00
        268    267.000     34.463     34.181     4.4564    31.4202  0.000e+00
        269    268.000     34.654     34.370     4.4186    31.4236  0.000e+00
        270    269.000     34.845     34.559     4.3509    31.4208  0.000e+00
        271    270.000     35.083     34.795     4.3475    31.4152  0.000e+00
        272    271.000     35.369     35.079     4.3180    31.4213  0.000e+00
        273    272.000     35.655     35.363     4.2174    31.4197  0.000e+00
        274    273.000     35.798     35.504     4.2484    31.4054  0.000e+00
        275    274.000     36.132     35.835     4.1732    31.4171  0.000e+00
        276    275.000     36.227     35.930     4.1803    31.4141  0.000e+00
        277    276.000     36.513     36.214     4.1739    31.4126  0.000e+00
        278    277.000     36.704     36.403     4.1630    31.4119  0.000e+00
        279    278.000     36.942     36.639     4.1609    31.4092  0.000e+00
        280    279.000     37.324     37.017     4.1667    31.4118  0.000e+00
        281    280.000     37.467     37.159     4.1392    31.4058  0.000e+00
        282    281.000     37.705     37.396     3.9757    31.4523  0.000e+00
        283    282.000     37.753     37.443     3.6785    31.4412  0.000e+00
        284    283.000     37.991     37.679     3.5561    31.4316  0.000e+00
        285    284.000     38.182     37.868     3.4227    31.4133  0.000e+00
        286    285.000     38.468     38.152     3.4055    31.4080  0.000e+00
        287    286.000     38.754     38.436     3.4262    31.4087  0.000e+00
        288    287.000     39.040     38.719     3.3735    31.4070  0.000e+00
        289    288.000     39.231     38.909     3.3676    31.4045  0.000e+00
        290    289.000     39.469     39.145     3.3829    31.4023  0.000e+00
        291    290.000     39.564     39.239     3.3810    31.4014  0.000e+00
        292    291.000     39.898     39.570     3.3739    31.3992  0.000e+00
        293    292.000     39.993     39.665     3.3747    31.3990  0.000e+00
        294    293.000     40.470     40.138     3.3690    31.3967  0.000e+00
        295    294.000     40.661     40.327     3.3692    31.3974  0.000e+00
        296    295.000     40.852     40.516     3.3772    31.3950  0.000e+00
        297    296.000     40.947     40.611     3.3572    31.3988  0.000e+00
        298    297.000     41.281     40.942     3.2666    31.3991  0.000e+00
        299    298.000     41.471     41.131     3.2082    31.3952  0.000e+00
        300    299.000     41.758     41.414     3.2009    31.3967  0.000e+00
        301    300.000     42.091     41.745     3.1477    31.4104  0.000e+00
        302    301.000     42.282     41.934     3.0936    31.3981  0.000e+00
        303    302.000     42.473     42.124     3.1047    31.4212  0.000e+00
        304    303.000     42.759     42.407     3.0642    31.4062  0.000e+00
        305    304.000     42.949     42.596     3.0196    31.3938  0.000e+00
        306    305.000     43.283     42.927     3.0021    31.3935  0.000e+00
        307    306.000     43.522     43.164     2.9717    31.3886  0.000e+00
        308    307.000     43.808     43.447     2.9367    31.3868  0.000e+00
        309    308.000     43.903     43.542     2.9190    31.3955  0.000e+00
        310    309.000     44.141     43.778     2.9194    31.3928  0.000e+00
        311    310.000     44.380     44.015     2.9155    31.3938  0.000e+00
        312    311.000     44.618     44.251     2.9188    31.3929  0.000e+00
        313    312.000     44.618     44.251     2.9185    31.3912  0.000e+00
        314    313.000     44.666     44.298     2.9180    31.3893  0.000e+00
        315    314.000     44.809     44.440     2.9195    31.3881  0.000e+00
        316    315.000     45.190     44.819     2.9193    31.3890  0.000e+00
        317    316.000     45.286     44.913     2.9224    31.3883  0.000e+00
        318    317.000     45.333     44.960     2.9218    31.3890  0.000e+00
        319    318.000     45.333     44.960     2.9121    31.3902  0.000e+00
        320    319.000     45.333     44.960     2.9141    31.3888  0.000e+00
        321    320.000     45.572     45.197     2.9160    31.3893  0.000e+00
        322    321.000     45.762     45.386     2.9034    31.3910  0.000e+00
        323    322.000     46.001     45.622     2.9111    31.3863  0.000e+00
        324    323.000     46.144     45.764     2.9041    31.3864  0.000e+00
        325    324.000     46.573     46.190     2.9088    31.3868  0.000e+00
        326    325.000     46.668     46.284     2.9103    31.3873  0.000e+00
        327    326.000     46.764     46.379     2.9105    31.3871  0.000e+00
        328    327.000     46.716     46.332     2.8864    31.3885  0.000e+00
        329    328.000     46.716     46.332     2.8847    31.3859  0.000e+00
        330    329.000     46.716     46.332     2.8719    31.3893  0.000e+00
        331    330.000     46.716     46.332     2.8636    31.3880  0.000e+00
        332    331.000     46.668     46.284     2.8554    31.3860  0.000e+00
        333    332.000     46.716     46.332     2.8497    31.3861  0.000e+00
        334    333.000     46.811     46.426     2.8554    31.3867  0.000e+00
        335    334.000     46.954     46.568     2.8655    31.3863  0.000e+00
        336    335.000     47.002     46.615     2.8563    31.3851  0.000e+00
        337    336.000     47.288     46.899     2.7799    31.3858  0.000e+00
        338    337.000     47.479     47.088     2.8109    31.3839  0.000e+00
        339    338.000     47.670     47.277     2.7717    31.3977  0.000e+00
        340    339.000     47.908     47.514     2.7359    31.3880  0.000e+00
        341    340.000     48.146     47.750     2.6786    31.3790  0.000e+00
        342    341.000     48.337     47.939     2.6840    31.3855  0.000e+00
        343    342.000     48.385     47.986     2.5554    31.3882  0.000e+00
        344    343.000     48.576     48.176     2.5984    31.3887  0.000e+00
        345    344.000     48.766     48.365     2.4793    31.3920  0.000e+00
        346    345.000     48.909     48.507     2.5066    31.3853  0.000e+00
        347    346.000     49.148     48.743     2.4601    31.3885  0.000e+00
        348    347.000     49.338     48.932     2.4642    31.3876  0.000e+00
        349    348.000     49.720     49.310     2.4571    31.3889  0.000e+00
        350    349.000     49.815     49.405     2.4516    31.3867  0.000e+00
        351    350.000     49.958     49.547     2.4492    31.3854  0.000e+00
        352    351.000     50.054     49.641     2.4502    31.3843  0.000e+00
        353    352.000     50.292     49.878     2.4176    31.3847  0.000e+00
        354    353.000     50.435     50.020     2.4219    31.3868  0.000e+00
        355    354.000     50.626     50.209     2.4028    31.3824  0.000e+00
        356    355.000     50.912     50.492     2.4022    31.3862  0.000e+00
        357    356.000     51.055     50.634     2.3237    31.3854  0.000e+00
        358    357.000     51.055     50.634     2.3440    31.3541  0.000e+00
        359    358.000     51.103     50.682     2.3365    31.3588  0.000e+00
        360    359.000     51.103     50.682     2.3789    31.3762  0.000e+00
        361    360.000     51.150     50.729     2.3750    31.3860  0.000e+00
        362    361.000     51.103     50.682     2.3756    31.3785  0.000e+00
        363    362.000     51.103     50.682     2.3938    31.3792  0.000e+00
        364    363.000     51.103     50.682     2.3873    31.3703  0.000e+00
        365    364.000     51.103     50.682     2.3957    31.3792  0.000e+00
        366    365.000     51.103     50.682     2.3926    31.3729  0.000e+00
        367    366.000     51.103     50.682     2.3906    31.3829  0.000e+00
        368    367.000     51.103     50.682     2.3900    31.3798  0.000e+00
        369    368.000     51.103     50.682     2.3844    31.3875  0.000e+00
        370    369.000     51.055     50.634     2.3860    31.3827  0.000e+00
        371    370.000     51.103     50.682     2.3919    31.3826  0.000e+00
        372    371.000     51.150     50.729     2.3993    31.3764  0.000e+00
        373    372.000     51.103     50.682     2.3966    31.3780  0.000e+00
        374    373.000     51.103     50.682     2.4152    31.3791  0.000e+00
        375    374.000     51.150     50.729     2.4054    31.3915  0.000e+00
        376    375.000     51.103     50.682     2.4073    31.3847  0.000e+00
        377    376.000     51.103     50.682     2.3968    31.3723  0.000e+00
        378    377.000     51.103     50.682     2.3894    31.3793  0.000e+00
        379    378.000     51.150     50.729     2.3827    31.3751  0.000e+00
        380    379.000     51.150     50.729     2.4031    31.3700  0.000e+00
        381    380.000     51.103     50.682     2.4231    31.3649  0.000e+00
        382    381.000     51.103     50.682     2.3833    31.3798  0.000e+00
        383    382.000     51.103     50.682     2.3840    31.3779  0.000e+00
        384    383.000     51.150     50.729     2.3879    31.3783  0.000e+00
        385    384.000     51.007     50.587     2.3962    31.3915  0.000e+00
        386    385.000     51.007     50.587     2.4659    31.3769  0.000e+00
        387    386.000     51.007     50.587     2.4406    31.3845  0.000e+00
        388    387.000     50.960     50.540     2.4576    31.3772  0.000e+00
        389    388.000     50.912     50.492     2.4461    31.3794  0.000e+00
        390    389.000     50.817     50.398     2.4748    31.3719  0.000e+00
        391    390.000     50.721     50.303     2.4603    31.3756  0.000e+00
        392    391.000     50.674     50.256     2.4803    31.3757  0.000e+00
        393    392.000     50.674     50.256     2.4862    31.3738  0.000e+00
        394    393.000     50.674     50.256     2.4758    31.3734  0.000e+00
        395    394.000     50.578     50.161     2.4675    31.3777  0.000e+00
        396    395.000     50.530     50.114     2.4589    31.3820  0.000e+00
        397    396.000     50.578     50.161     2.4556    31.3799  0.000e+00
        398    397.000     50.578     50.161     2.4536    31.3776  0.000e+00
        399    398.000     50.578     50.161     2.4511    31.3786  0.000e+00
        400    399.000     50.626     50.209     2.4463    31.3796  0.000e+00
        401    400.000     50.578     50.161     2.4353    31.3812  0.000e+00
        402    401.000     50.578     50.161     2.4283    31.3805  0.000e+00
        403    402.000     50.483     50.067     2.3958    31.3781  0.000e+00
        404    403.000     50.387     49.972     2.4050    31.3755  0.000e+00
        405    404.000     50.387     49.972     2.3889    31.2921  0.000e+00
        406    405.000     50.435     50.020     2.3347    28.4826  0.000e+00
        407    406.000     50.387     49.972     2.3377    26.6066  0.000e+00
        408    407.000     50.340     49.925     2.3524    25.8510  0.000e+00
        409    408.000     50.197     49.783     2.3576    25.5908  0.000e+00
        410    409.000     50.054     49.641     2.3604    25.4867  0.000e+00
