create_data/ctd/BED0302.CNV
* Sea-Bird SBE 25 Data File:
* FileName = C:\SEASOFT3\BASIN\BED0302.HEX
* Software Version 4.230a
* Temperature SN = 1140
* Conductivity SN = 832
* System UpLoad Time = Oct 15 2003 11:38:38
* Command Line = seasave 
** Ship:      Divcom3
** Cruise:    Halifax Harbour
** Station:   Stn 2
** Latitude:  N44 41.056
** Longitude: w63 38.633
# nquan = 7
# nvalues = 773                     
# units = metric
# name 0 = scan: scan number
# name 1 = timeS: time [s]
# name 2 = pr: pressure [db]
# name 3 = depS: depth, salt water [m]
# name 4 = t068: temperature, IPTS-68 [deg C]
# name 5 = sal00: salinity, PSS-78 [PSU]
# name 6 = flag:  0.000e+00
# span 0 = 1, 773                       
# span 1 = 0.000, 772.000               
# span 2 = -0.378, 163.899              
# span 3 = -0.375, 162.504              
# span 4 = 2.3237, 99.0000              
# span 5 = 0.3276, 99.0000              
# span 6 = 0.000e+00, 0.000e+00         
# interval = seconds: 1                           
# start_time = Oct 15 1903 11:38:38
# bad_flag = -9.990e-29
*END*
[from data line 411]
        412    411.000     50.054     49.641     2.3538    25.3467  0.000e+00
        413    412.000     49.958     49.547     2.3513    25.3322  0.000e+00
        414    413.000     49.911     49.499     2.3523    25.3154  0.000e+00
        415    414.000     49.863     49.452     2.3541    25.2929  0.000e+00
        416    415.000     49.815     49.405     2.3552    25.2534  0.000e+00
        417    416.000     49.815     49.405     2.3563    25.0745  0.000e+00
        418    417.000     49.815     49.405     2.4119    24.7198  0.000e+00
        419    418.000     49.815     49.405     2.4285    30.6145  0.000e+00
        420    419.000     49.625     49.216     2.4492    31.2862  0.000e+00
        421    420.000     49.672     49.263     2.4502    31.3667  0.000e+00
        422    421.000     49.386     48.979     2.4508    31.3499  0.000e+00
        423    422.000     49.148     48.743     2.4503    31.3659  0.000e+00
        424    423.000     49.100     48.696     2.4511    31.3777  0.000e+00
        425    424.000     49.052     48.648     2.4513    31.3790  0.000e+00
        426    425.000     49.148     48.743     2.4521    31.3796  0.000e+00
        427    426.000     49.100     48.696     2.4513    31.3807  0.000e+00
        428    427.000     49.005     48.601     2.4525    31.3780  0.000e+00
        429    428.000     48.957     48.554     2.4527    31.3799  0.000e+00
        430    429.000     48.862     48.459     2.4539    31.3800  0.000e+00
        431    430.000     48.862     48.459     2.4558    31.3782  0.000e+00
        432    431.000     48.671     48.270     2.4600    31.3791  0.000e+00
        433    432.000     48.576     48.176     2.4606    31.3790  0.000e+00
        434    433.000     48.528     48.128     2.4630    31.3792  0.000e+00
        435    434.000     48.385     47.986     2.4668    31.3777  0.000e+00
        436    435.000     48.385     47.986     2.4753    31.3782  0.000e+00
        437    436.000     48.289     47.892     2.4756    31.3797  0.000e+00
        438    437.000     48.242     47.845     2.4746    31.3774  0.000e+00
        439    438.000     48.194     47.797     2.4718    31.3807  0.000e+00
        440    439.000     47.908     47.514     2.4683    31.3788  0.000e+00
        441    440.000     47.860     47.466     2.4815    31.3781  0.000e+00
        442    441.000     47.670     47.277     2.4958    31.3777  0.000e+00
        443    442.000     47.574     47.183     2.5422    31.3723  0.000e+00
        444    443.000     47.384     46.994     2.5644    31.3738  0.000e+00
        445    444.000     47.193     46.804     2.5984    31.3791  0.000e+00
        446    445.000     47.097     46.710     2.5806    31.3738  0.000e+00
        447    446.000     46.954     46.568     2.6167    31.3768  0.000e+00
        448    447.000     46.907     46.521     2.5998    31.3763  0.000e+00
        449    448.000     46.811     46.426     2.6192    31.2353  0.000e+00
        450    449.000     46.764     46.379     2.6568    31.3787  0.000e+00
        451    450.000     46.668     46.284     2.6795    31.3768  0.000e+00
        452    451.000     46.478     46.095     2.7451    31.3748  0.000e+00
        453    452.000     46.382     46.001     2.7528    31.3737  0.000e+00
        454    453.000     46.287     45.906     2.7641    31.3779  0.000e+00
        455    454.000     46.001     45.622     2.7693    31.3790  0.000e+00
        456    455.000     46.001     45.622     2.7679    31.3801  0.000e+00
        457    456.000     45.810     45.433     2.7725    31.3790  0.000e+00
        458    457.000     45.762     45.386     2.7690    31.3797  0.000e+00
        459    458.000     45.667     45.291     2.7670    31.3799  0.000e+00
        460    459.000     45.524     45.150     2.7709    31.3786  0.000e+00
        461    460.000     45.429     45.055     2.7793    31.3805  0.000e+00
        462    461.000     45.333     44.960     2.7766    31.3801  0.000e+00
        463    462.000     45.333     44.960     2.7787    31.3802  0.000e+00
        464    463.000     45.238     44.866     2.7745    31.3788  0.000e+00
        465    464.000     45.190     44.819     2.7773    31.3789  0.000e+00
        466    465.000     45.000     44.629     2.7813    31.3805  0.000e+00
        467    466.000     44.904     44.535     2.7800    31.3788  0.000e+00
        468    467.000     44.666     44.298     2.7919    31.3809  0.000e+00
        469    468.000     44.714     44.346     2.7927    31.3801  0.000e+00
        470    469.000     44.427     44.062     2.7915    31.3790  0.000e+00
        471    470.000     44.380     44.015     2.7880    31.3809  0.000e+00
        472    471.000     44.237     43.873     2.8042    31.3782  0.000e+00
        473    472.000     44.141     43.778     2.8435    31.3775  0.000e+00
        474    473.000     44.046     43.684     2.8482    31.3820  0.000e+00
        475    474.000     43.951     43.589     2.8512    31.3798  0.000e+00
        476    475.000     43.903     43.542     2.8523    31.3772  0.000e+00
        477    476.000     43.855     43.495     2.8849    31.3811  0.000e+00
        478    477.000     43.808     43.447     2.9110    31.3763  0.000e+00
        479    478.000     43.760     43.400     2.9188    31.3827  0.000e+00
        480    479.000     43.712     43.353     2.9250    31.3842  0.000e+00
        481    480.000     43.617     43.258     2.9693    31.3779  0.000e+00
        482    481.000     43.617     43.258     2.9771    31.3797  0.000e+00
        483    482.000     43.331     42.975     2.9776    31.3793  0.000e+00
        484    483.000     43.331     42.975     2.9739    31.3801  0.000e+00
        485    484.000     43.092     42.738     2.9753    31.3804  0.000e+00
        486    485.000     43.045     42.691     2.9854    31.3807  0.000e+00
        487    486.000     42.854     42.502     3.0154    31.3849  0.000e+00
        488    487.000     42.759     42.407     3.0290    31.3833  0.000e+00
        489    488.000     42.711     42.360     3.0663    31.3746  0.000e+00
        490    489.000     42.568     42.218     3.0738    31.3771  0.000e+00
        491    490.000     42.520     42.171     3.1182    31.3786  0.000e+00
        492    491.000     42.377     42.029     3.1290    31.3794  0.000e+00
        493    492.000     42.377     42.029     3.1297    31.3799  0.000e+00
        494    493.000     42.282     41.934     3.1342    31.3800  0.000e+00
        495    494.000     42.234     41.887     3.1274    31.3799  0.000e+00
        496    495.000     42.139     41.793     3.1389    31.3787  0.000e+00
        497    496.000     42.091     41.745     3.1397    31.3817  0.000e+00
        498    497.000     41.901     41.556     3.1441    31.3812  0.000e+00
        499    498.000     41.805     41.462     3.1462    31.3801  0.000e+00
        500    499.000     41.567     41.225     3.1469    31.3812  0.000e+00
        501    500.000     41.567     41.225     3.1510    31.3822  0.000e+00
        502    501.000     41.376     41.036     3.2411    31.3738  0.000e+00
        503    502.000     41.376     41.036     3.2706    31.3785  0.000e+00
        504    503.000     41.185     40.847     3.3184    31.3907  0.000e+00
        505    504.000     40.995     40.658     3.3612    31.3776  0.000e+00
        506    505.000     40.899     40.563     3.4072    31.3749  0.000e+00
        507    506.000     40.804     40.469     3.4812    31.3780  0.000e+00
        508    507.000     40.709     40.374     3.4985    31.3804  0.000e+00
        509    508.000     40.661     40.327     3.5253    31.3709  0.000e+00
        510    509.000     40.470     40.138     3.5710    31.3765  0.000e+00
        511    510.000     40.280     39.949     3.5963    31.3792  0.000e+00
        512    511.000     40.041     39.712     3.6027    31.3813  0.000e+00
        513    512.000     39.946     39.618     3.6271    31.3811  0.000e+00
        514    513.000     39.803     39.476     3.6414    31.3816  0.000e+00
        515    514.000     39.660     39.334     3.6490    31.3831  0.000e+00
        516    515.000     39.421     39.098     3.6981    31.3785  0.000e+00
        517    516.000     39.326     39.003     3.7101    31.3830  0.000e+00
        518    517.000     39.183     38.861     3.7330    31.3832  0.000e+00
        519    518.000     39.088     38.767     3.7437    31.3823  0.000e+00
        520    519.000     39.040     38.719     3.7798    31.3867  0.000e+00
        521    520.000     38.849     38.530     3.7742    31.3876  0.000e+00
        522    521.000     38.611     38.294     3.7995    31.3884  0.000e+00
        523    522.000     38.420     38.105     3.7982    31.3878  0.000e+00
        524    523.000     38.277     37.963     3.8029    31.3870  0.000e+00
        525    524.000     38.086     37.774     3.8312    31.3853  0.000e+00
        526    525.000     37.943     37.632     3.8422    31.3901  0.000e+00
        527    526.000     37.800     37.490     3.8699    31.3791  0.000e+00
        528    527.000     37.705     37.396     3.8959    31.3893  0.000e+00
        529    528.000     37.610     37.301     3.8840    31.3862  0.000e+00
        530    529.000     37.514     37.206     3.9049    31.3910  0.000e+00
        531    530.000     37.324     37.017     3.9152    31.3887  0.000e+00
        532    531.000     37.038     36.734     3.9501    31.3881  0.000e+00
        533    532.000     36.942     36.639     3.9680    31.3870  0.000e+00
        534    533.000     36.704     36.403     3.9766    31.3936  0.000e+00
        535    534.000     36.561     36.261     3.9783    31.3897  0.000e+00
        536    535.000     36.513     36.214     3.9831    31.3900  0.000e+00
        537    536.000     36.275     35.977     4.0089    31.3899  0.000e+00
        538    537.000     36.180     35.883     4.0128    31.3926  0.000e+00
        539    538.000     36.084     35.788     4.0218    31.3946  0.000e+00
        540    539.000     36.036     35.741     4.0378    31.3932  0.000e+00
        541    540.000     35.750     35.457     4.0611    31.3899  0.000e+00
        542    541.000     35.607     35.315     4.0672    31.3935  0.000e+00
        543    542.000     35.369     35.079     4.1769    31.3754  0.000e+00
        544    543.000     35.226     34.937     4.2273    31.4007  0.000e+00
        545    544.000     34.940     34.653     4.2724    31.3885  0.000e+00
        546    545.000     34.797     34.512     4.3294    31.3940  0.000e+00
        547    546.000     34.654     34.370     4.3896    31.3913  0.000e+00
        548    547.000     34.559     34.275     4.4022    31.3951  0.000e+00
        549    548.000     34.463     34.181     4.4191    31.3960  0.000e+00
        550    549.000     34.225     33.944     4.4438    31.3994  0.000e+00
        551    550.000     33.939     33.661     4.4649    31.3808  0.000e+00
        552    551.000     33.701     33.424     4.5223    31.3878  0.000e+00
        553    552.000     33.558     33.282     4.5962    31.3947  0.000e+00
        554    553.000     33.367     33.093     4.7309    31.3915  0.000e+00
        555    554.000     33.176     32.904     4.8031    31.3874  0.000e+00
        556    555.000     33.033     32.762     4.9486    31.3964  0.000e+00
        557    556.000     32.842     32.573     4.9885    31.3968  0.000e+00
        558    557.000     32.699     32.431     5.0348    31.3950  0.000e+00
        559    558.000     32.318     32.053     5.1034    31.4002  0.000e+00
        560    559.000     32.127     31.864     5.1649    31.3996  0.000e+00
        561    560.000     31.937     31.675     5.2136    31.4017  0.000e+00
        562    561.000     31.794     31.533     5.2257    31.4034  0.000e+00
        563    562.000     31.651     31.391     5.4175    31.4014  0.000e+00
        564    563.000     31.555     31.297     5.4705    31.4029  0.000e+00
        565    564.000     31.365     31.108     5.5265    31.4040  0.000e+00
        566    565.000     31.174     30.919     5.5291    31.4098  0.000e+00
        567    566.000     30.936     30.682     5.5691    31.4064  0.000e+00
        568    567.000     30.745     30.493     5.7031    31.3985  0.000e+00
        569    568.000     30.507     30.257     5.7788    31.4042  0.000e+00
        570    569.000     30.411     30.162     5.8163    31.4058  0.000e+00
        571    570.000     30.173     29.926     5.8679    31.4077  0.000e+00
        572    571.000     30.030     29.784     5.9162    31.4109  0.000e+00
        573    572.000     29.982     29.737     5.9607    31.4131  0.000e+00
        574    573.000     29.744     29.500     6.2343    31.3845  0.000e+00
        575    574.000     29.505     29.264     6.3285    31.4013  0.000e+00
        576    575.000     29.219     28.980     6.3793    31.4020  0.000e+00
        577    576.000     29.029     28.791     6.4148    31.4173  0.000e+00
        578    577.000     28.838     28.602     6.5319    31.4088  0.000e+00
        579    578.000     28.695     28.460     6.5325    31.4165  0.000e+00
        580    579.000     28.552     28.318     6.6062    31.4244  0.000e+00
        581    580.000     28.457     28.224     6.6398    31.4151  0.000e+00
        582    581.000     28.314     28.082     6.7395    31.4081  0.000e+00
        583    582.000     28.075     27.846     6.7630    31.4229  0.000e+00
        584    583.000     27.789     27.562     6.8757    31.4147  0.000e+00
        585    584.000     27.694     27.467     6.8941    31.4168  0.000e+00
        586    585.000     27.408     27.184     6.9331    31.4186  0.000e+00
        587    586.000     27.360     27.136     6.9327    31.4201  0.000e+00
        588    587.000     27.074     26.853     6.9420    31.4226  0.000e+00
        589    588.000     26.979     26.758     6.9494    31.4234  0.000e+00
        590    589.000     26.884     26.664     6.9890    31.4156  0.000e+00
        591    590.000     26.502     26.286     7.1056    31.4300  0.000e+00
        592    591.000     26.359     26.144     7.1306    31.4281  0.000e+00
        593    592.000     26.073     25.860     7.1885    31.4236  0.000e+00
        594    593.000     25.883     25.671     7.1896    31.4233  0.000e+00
        595    594.000     25.644     25.435     7.2288    31.4211  0.000e+00
        596    595.000     25.549     25.340     7.2339    31.4253  0.000e+00
        597    596.000     25.406     25.198     7.2456    31.4253  0.000e+00
        598    597.000     25.358     25.151     7.2583    31.4251  0.000e+00
        599    598.000     25.072     24.867     7.3312    31.4189  0.000e+00
        600    599.000     24.882     24.678     7.3968    31.4184  0.000e+00
        601    600.000     24.596     24.395     7.4359    31.4211  0.000e+00
        602    601.000     24.500     24.300     7.4510    31.4222  0.000e+00
        603    602.000     24.310     24.111     7.4537    31.4207  0.000e+00
        604    603.000     24.262     24.064     7.4525    31.4225  0.000e+00
        605    604.000     23.976     23.780     7.4600    31.4222  0.000e+00
        606    605.000     23.928     23.733     7.4616    31.4219  0.000e+00
        607    606.000     23.738     23.544     7.4876    31.4177  0.000e+00
        608    607.000     23.547     23.355     7.4923    31.4143  0.000e+00
        609    608.000     23.213     23.024     7.5484    31.4127  0.000e+00
        610    609.000     23.118     22.929     7.5555    31.4129  0.000e+00
        611    610.000     22.689     22.504     7.5446    31.4100  0.000e+00
        612    611.000     22.594     22.409     7.5505    31.4071  0.000e+00
        613    612.000     22.355     22.173     7.5579    31.4087  0.000e+00
        614    613.000     22.308     22.125     7.5633    31.4086  0.000e+00
        615    614.000     21.926     21.747     7.6596    31.4205  0.000e+00
