inst/extdata/d201211_0011.cnv
* Sea-Bird SBE 9 Data File:
* FileName = C:\2012-11\CTD Raw\201211-0011.hdr
* Software Version Seasave V 7.21d
* Temperature SN = 4322
* Conductivity SN = 2809
* Number of Bytes Per Scan = 40
* Number of Voltage Words = 5
* Number of Scans Averaged by the Deck Unit = 1
* NMEA Latitude = 71 20.70 N
* NMEA Longitude = 151 47.26 W
* NMEA UTC (Time) = Aug 09 2012 06:34:34
* NMEA baud rate = 4800
** Ship:  CCGS Louis St-Laurent
** Cruise:  2012-11
** Station:   BL1
** Depth (m):  87
# nquan = 26
# nvalues = 78                          
# units = specified
# name 0 = scan: Scan Count
# name 1 = prDM: Pressure, Digiquartz [db]
# name 2 = depSM: Depth [salt water, m]
# name 3 = t090C: Temperature [ITS-90, deg C]
# name 4 = t190C: Temperature, 2 [ITS-90, deg C]
# name 5 = c0mS/cm: Conductivity [mS/cm]
# name 6 = c1mS/cm: Conductivity, 2 [mS/cm]
# name 7 = sbeox0V: Oxygen raw, SBE 43 [V]
# name 8 = CStarTr0: Beam Transmission, WET Labs C-Star [%]
# name 9 = v1: Voltage 1
# name 10 = flSP: Fluorescence, Seapoint
# name 11 = v0: Voltage 0
# name 12 = wetCDOM: Fluorescence, WET Labs CDOM [mg/m^3]
# name 13 = v4: Voltage 4
# name 14 = upoly0: Upoly 0, ISUS
# name 15 = par: PAR/Irradiance, Biospherical/Licor
# name 16 = spar: SPAR/Surface Irradiance
# name 17 = altM: Altimeter [m]
# name 18 = sbeox0ML/L: Oxygen, SBE 43 [ml/l], WS = 1
# name 19 = sal00: Salinity, Practical [PSU]
# name 20 = sal11: Salinity, Practical, 2 [PSU]
# name 21 = potemp090C: Potential Temperature [ITS-90, deg C]
# name 22 = sigma-é00: Density [sigma-theta, Kg/m^3]
# name 23 = svCM: Sound Velocity [Chen-Millero, m/s]
# name 24 = nbin: number of scans per bin
# name 25 = flag: flag
# span 0 =      10569,      17116       
# span 1 =      1.000,     78.000       
# span 2 =      0.990,     77.189       
# span 3 =    -0.0155,     4.5222       
# span 4 =    -0.0104,     4.5360       
# span 5 =  21.487809,  28.722950       
# span 6 =  21.490444,  28.766659       
# span 7 =     2.5958,     2.9447       
# span 8 =    63.8201,    86.1424       
# span 9 =     3.1293,     4.2040       
# span 10 = 2.8420e-01, 7.5926e-01      
# span 11 =     0.2842,     0.7592      
# span 12 =     3.1177,     4.4272      
# span 13 =     0.1973,     0.2507      
# span 14 =  0.2376539,  0.3106082      
# span 15 = -7.876e-06, 1.0433e+01      
# span 16 = 0.0000e+00, 0.0000e+00      
# span 17 =      10.02,      91.54      
# span 18 =    7.80573,    9.18451      
# span 19 =    25.1609,    31.5128      
# span 20 =    25.1601,    31.5149      
# span 21 =    -0.0155,     4.5210      
# span 22 =    20.1713,    25.2268      
# span 23 =    1435.95,    1462.66      
# span 24 =         31,        225      
# span 25 = 0.0000e+00, 0.0000e+00      
# interval = decibars: 1                
# start_time = Aug 09 2012 06:34:34 [NMEA time, header]
# bad_flag = -9.990e-29
*END*
      10569      1.000      0.990    -0.0155    -0.0104  21.489996  21.491801     2.5958    86.1424     4.2040     0.1562     0.2842     3.1228     0.1974     0.2782 1.043e+001 -9.000e+000      88.04    8.81678    25.1637    25.1618    -0.0155    20.1736    1435.95         74        222
      10673      2.000      1.980     0.0005     0.0004  21.526209  21.537083     2.6078    85.8437     4.1896     0.1640     0.2989     3.2319     0.2019     0.2976 8.809e+000 -9.000e+000      87.61    8.86035    25.1964    25.2104     0.0005    20.1995    1436.09         37        222
      10712      3.000      2.969     0.0092     0.0081  21.614051  21.603546     2.6203    85.9513     4.1948     0.1711     0.3123     3.1504     0.1986     0.2694 7.554e+000 -9.000e+000      86.64    8.90323    25.3011    25.2886     0.0091    20.2837    1436.28         45        222
      10761      4.000      3.959     0.0617     0.0542  22.024383  21.975931     2.6338    85.9796     4.1962     0.1686     0.3075     3.1177     0.1973     0.2622 6.477e+000 -9.000e+000      85.30    8.91673    25.7817    25.7261     0.0616    20.6697    1437.19         51        222
      10811      5.000      4.949     0.1351     0.1215  22.364058  22.312041     2.6470    85.6701     4.1813     0.1695     0.3093     3.2039     0.2007     0.2629 5.641e+000 -9.000e+000      84.51    8.93172    26.1536    26.0987     0.1350    20.9673    1438.04         49        222
      10860      6.000      5.939     0.1502     0.1424  22.417037  22.388145     2.6681    85.8313     4.1890     0.1796     0.3284     3.2864     0.2041     0.2833 4.963e+000 -9.000e+000      83.96    9.01381    26.2080    26.1777     0.1501    21.0107    1438.20         48        222
      10908      7.000      6.929     0.1801     0.1796  22.462704  22.501869     2.7380    85.7914     4.1871     0.1827     0.3342     3.3640     0.2073     0.2876 4.418e+000 -9.000e+000      91.54    9.28894    26.2403    26.2908     0.1800    21.0358    1438.40         48        222
      10956      8.000      7.918     0.3131     0.2976  22.795765  22.782072     2.7887    82.5015     4.0287     0.1830     0.3349     3.4462     0.2107     0.2722 3.962e+000 -9.000e+000      81.47    9.44197    26.5505    26.5464     0.3129    21.2816    1439.45         48        222
      11004      9.000      8.908     0.5979     0.6591  23.396392  23.564078     2.7640    76.7224     3.7505     0.2829     0.5235     3.4390     0.2104     0.2514 3.587e+000 -9.000e+000      80.21    9.24383    27.0655    27.2241     0.5977    21.6862    1441.47         48        222
      11052     10.000      9.898     1.8816     2.2315  24.870623  25.407422     2.7482    74.8254     3.6592     0.3349     0.6216     3.5464     0.2148     0.2527 3.242e+000 -9.000e+000      79.44    8.82752    27.7751    28.1217     1.8812    22.1949    1448.26         49        222
      11101     11.000     10.888     3.2745     3.5766  26.640929  27.066267     2.7261    73.0976     3.5760     0.3527     0.6553     3.5996     0.2169     0.2628 2.827e+000 -9.000e+000      78.38    8.38035    28.6774    28.9111     3.2739    22.8207    1455.57         49        222
      11150     12.000     11.877     3.5249     3.9633  27.066942  27.727815     2.7210    72.3966     3.5422     0.3674     0.6830     3.6311     0.2182     0.2564 2.360e+000 -9.000e+000      77.19    8.29816    28.9574    29.3399     3.5242    23.0235    1457.03         50        222
      11200     13.000     12.867     3.9690     4.3881  27.698334  28.248529     2.7457    73.2143     3.5816     0.3770     0.7010     3.7278     0.2221     0.2377 1.930e+000 -9.000e+000      76.27    8.27710    29.3000    29.5624     3.9682    23.2578    1459.37         49        222
      11248     14.000     13.857     4.1948     4.1557  28.066828  28.169452     2.7506    71.1812     3.4837     0.3926     0.7306     3.5936     0.2167     0.2876 1.561e+000 -9.000e+000      75.10    8.23890    29.5253    29.6796     4.1939    23.4163    1460.63         49        222
      11291     15.000     14.846     4.0175     4.0620  28.104582  28.189412     2.7292    70.5928     3.4554     0.3854     0.7171     3.7265     0.2221     0.2928 1.271e+000 -9.000e+000      74.40    8.19426    29.7288    29.7873     4.0166    23.5941    1460.16         33        222
      11322     16.000     15.836     4.1386     4.2991  28.270642  28.454695     2.7179    71.0010     3.4750     0.3944     0.7339     3.6571     0.2192     0.2722 1.096e+000 -9.000e+000      73.86    8.12734    29.8117    29.8796     4.1376    23.6489    1460.80         31        222
      11356     17.000     16.826     4.3589     4.4890  28.524910  28.671730     2.7359    72.1978     3.5327     0.4078     0.7592     3.7139     0.2216     0.2928 9.143e-001 -9.000e+000      72.77    8.14011    29.9061    29.9575     4.3578    23.7031    1461.86         40        222
      11400     18.000     17.816     4.5222     4.5360  28.724059  28.767659     2.7814    75.0252     3.6688     0.3896     0.7249     3.6782     0.2201     0.2830 7.081e-001 -9.000e+000      71.78    8.25860    29.9872    30.0249     4.5210    23.7517    1462.66         44        222
      11444     19.000     18.805     4.1826     3.7139  28.507210  28.149052     2.8329    77.0918     3.7683     0.3409     0.6330     3.7786     0.2242     0.2657 5.430e-001 -9.000e+000      70.76    8.50459    30.0452    30.0567     4.1814    23.8302    1461.33         45        222
      11486     20.000     19.795     3.3825     2.9983  27.911563  27.612929     2.8868    78.6800     3.8447     0.2985     0.5528     3.6831     0.2203     0.2807 4.241e-001 -9.000e+000      69.94    8.86771    30.0819    30.0831     3.3814    23.9303    1458.00         38        222
      11527     21.000     20.785     2.7671     2.5112  27.450781  27.260791     2.9447    79.6409     3.8910     0.2864     0.5300     3.8175     0.2258     0.2734 3.472e-001 -9.000e+000      69.29    9.21379    30.1039    30.1144     2.7660    23.9969    1455.38         46        222
      11575     22.000     21.774     2.2313     2.1244  27.072460  26.994319     2.9332    74.0788     3.6232     0.2649     0.4893     4.1322     0.2386     0.2695 2.726e-001 -9.000e+000      67.98    9.29419    30.1486    30.1542     2.2303    24.0713    1453.11         49        222
      11624     23.000     22.764     2.0351     2.1146  27.064999  27.229490     2.9043    65.6654     3.2182     0.3102     0.5750     4.1025     0.2375     0.2858 2.173e-001 -9.000e+000      67.06    9.21863    30.3259    30.4525     2.0341    24.2265    1452.49         48        222
      11674     24.000     23.754     2.7562     2.9487  28.020833  28.284479     2.8912    66.1299     3.2405     0.3449     0.6404     4.0469     0.2352     0.2767 1.752e-001 -9.000e+000      66.01    8.95981    30.8024    30.9361     2.7550    24.5551    1456.29         48        222
      11723     25.000     24.743     2.8944     2.8480  28.234054  28.251389     2.8891    67.9900     3.3301     0.3317     0.6155     4.1190     0.2381     0.2898 1.317e-001 -9.000e+000      64.85    8.90582    30.9269    30.9926     2.8931    24.6436    1457.07         51        222
      11772     26.000     25.733     2.7560     2.7225  28.173739  28.153694     2.8899    68.7344     3.3659     0.3204     0.5942     4.0499     0.2353     0.2839 8.045e-002 -9.000e+000      63.77    8.93186    30.9869    30.9950     2.7547    24.7024    1456.56         51        222
      11823     27.000     26.723     2.6816     2.6573  28.120802  28.104442     2.8882    68.5657     3.3578     0.2939     0.5441     4.0051     0.2335     0.2902 4.802e-002 -9.000e+000      62.79    8.93729    30.9941    30.9977     2.6802    24.7139    1456.27         49        222
      11872     28.000     27.713     2.6581     2.6685  28.112463  28.129765     2.8861    68.1254     3.3366     0.2914     0.5394     4.1183     0.2381     0.2659 1.693e-002 -9.000e+000      61.85    8.92912    31.0062    31.0171     2.6567    24.7254    1456.20         47        222
      11922     29.000     28.702     2.6826     2.6857  28.146688  28.154223     2.8850    67.8628     3.3239     0.2806     0.5191     4.0501     0.2353     0.2722 3.890e-004 -9.000e+000      60.76    8.91305    31.0235    31.0297     2.6811    24.7374    1456.34         49        222
      11971     30.000     29.692     2.6864     2.6827  28.157689  28.159374     2.8844    67.4873     3.3059     0.2868     0.5308     4.0101     0.2337     0.2728 -7.876e-006 -9.000e+000      59.71    8.90442    31.0327    31.0383     2.6849    24.7444    1456.39         46        222
      12017     31.000     30.681     2.6796     2.6772  28.159221  28.161542     2.8829    66.9956     3.2822     0.2950     0.5463     4.0866     0.2368     0.2878 1.000e-012 -9.000e+000      58.68    8.89534    31.0406    31.0458     2.6780    24.7513    1456.38         50        222
      12066     32.000     31.671     2.6783     2.6805  28.166976  28.174620     2.8813    66.5062     3.2586     0.3015     0.5586     4.0857     0.2368     0.2710 1.000e-012 -9.000e+000      57.68    8.88467    31.0508    31.0579     2.6767    24.7595    1456.41         47        222
      12114     33.000     32.661     2.6842     2.6852  28.181990  28.186192     2.8808    65.8830     3.2286     0.2956     0.5474     4.1306     0.2386     0.2744 1.000e-012 -9.000e+000      56.60    8.87635    31.0628    31.0669     2.6825    24.7686    1456.46         47        222
      12162     34.000     33.650     2.6870     2.6872  28.190627  28.193413     2.8801    63.8201     3.1293     0.2883     0.5336     4.3412     0.2472     0.2413 1.000e-012 -9.000e+000      55.63    8.86853    31.0701    31.0733     2.6852    24.7742    1456.50         49        222
      12216     35.000     34.640     2.6830     2.6776  28.196121  28.196522     2.8796    64.9813     3.1852     0.3048     0.5647     4.1977     0.2413     0.2553 1.000e-012 -9.000e+000      54.45    8.86307    31.0801    31.0858     2.6812    24.7825    1456.51         48        222
      12261     36.000     35.630     2.6728     2.6716  28.195404  28.195901     2.8790    64.8980     3.1812     0.3032     0.5617     4.1857     0.2408     0.2711 1.000e-012 -9.000e+000      53.50    8.85900    31.0886    31.0904     2.6709    24.7901    1456.50         51        222
      12315     37.000     36.619     2.6702     2.6688  28.195435  28.195805     2.8789    64.6032     3.1670     0.3098     0.5742     4.2169     0.2421     0.2600 1.000e-012 -9.000e+000      52.34    8.85552    31.0907    31.0925     2.6683    24.7920    1456.51         49        222
      12365     38.000     37.609     2.6631     2.6593  28.194499  28.194436     2.8780    64.3100     3.1529     0.3017     0.5589     4.1957     0.2413     0.2630 1.000e-012 -9.000e+000      51.30    8.85019    31.0959    31.0995     2.6611    24.7967    1456.50         51        222
      12417     39.000     38.598     2.6516     2.6498  28.191932  28.192223     2.8782    64.0753     3.1416     0.3005     0.5566     4.2547     0.2437     0.2924 1.000e-012 -9.000e+000      50.20    8.84992    31.1034    31.1055     2.6496    24.8036    1456.47         53        222
      12470     40.000     39.588     2.6430     2.6281  28.189301  28.183611     2.8772    63.8755     3.1320     0.3004     0.5565     4.2250     0.2425     0.3106 1.000e-012 -9.000e+000      49.09    8.84496    31.1081    31.1156     2.6409    24.8080    1456.46         53        222
      12524     41.000     40.578     2.5995     2.6075  28.170077  28.174058     2.8795    64.0960     3.1426     0.3067     0.5683     4.2374     0.2430     0.3077 1.000e-012 -9.000e+000      47.91    8.85959    31.1264    31.1235     2.5974    24.8260    1456.31         55        222
      12578     42.000     41.567     2.5765     2.5492  28.158528  28.147623     2.8831    64.5276     3.1634     0.3022     0.5598     4.2226     0.2423     0.2639 1.000e-012 -9.000e+000      46.77    8.87489    31.1342    31.1475     2.5744    24.8340    1456.24         54        222
      12631     43.000     42.557     2.5019     2.4759  28.123914  28.110715     2.8860    64.8966     3.1812     0.2946     0.5455     4.2540     0.2436     0.2723 1.000e-012 -9.000e+000      45.64    8.89882    31.1642    31.1734     2.4997    24.8636    1455.97         50        222
      12680     44.000     43.546     2.4642     2.4553  28.104473  28.100137     2.8882    64.9485     3.1836     0.2959     0.5480     4.1705     0.2402     0.3034 1.000e-012 -9.000e+000      44.61    8.91265    31.1767    31.1801     2.4620    24.8764    1455.83         49        222
      12730     45.000     44.536     2.4524     2.4470  28.098396  28.096008     2.8892    64.9965     3.1860     0.2866     0.5303     4.2326     0.2428     0.2933 1.000e-012 -9.000e+000      43.54    8.91662    31.1803    31.1827     2.4502    24.8802    1455.80         51        222
      12783     46.000     45.526     2.4423     2.4402  28.093317  28.093042     2.8890    64.9908     3.1857     0.2900     0.5369     4.2438     0.2432     0.2933 1.000e-012 -9.000e+000      42.42    8.91599    31.1834    31.1851     2.4400    24.8834    1455.78         53        222
      12831     47.000     46.515     2.4406     2.4362  28.093220  28.091530     2.8888    65.1774     3.1947     0.3047     0.5646     4.1751     0.2404     0.2913 1.000e-012 -9.000e+000      41.40    8.91361    31.1845    31.1867     2.4383    24.8844    1455.79         47        222
      12877     48.000     47.505     2.4352     2.4311  28.090430  28.088656     2.8888    65.0924     3.1906     0.3056     0.5662     4.1906     0.2411     0.2885 1.000e-012 -9.000e+000      40.42    8.91296    31.1858    31.1876     2.4328    24.8859    1455.78         46        222
      12922     49.000     48.494     2.4297     2.4239  28.087059  28.083895     2.8887    65.0139     3.1868     0.3024     0.5601     4.2615     0.2440     0.2771 1.000e-012 -9.000e+000      39.47    8.91215    31.1865    31.1883     2.4273    24.8868    1455.78         44        222
      12970     50.000     49.484     2.4223     2.4172  28.082099  28.079603     2.8887    64.9342     3.1829     0.3003     0.5563     4.2011     0.2415     0.2735 1.000e-012 -9.000e+000      38.44    8.91230    31.1872    31.1891     2.4198    24.8879    1455.76         49        222
      13019     51.000     50.473     2.4139     2.4107  28.076496  28.075330     2.8891    65.2144     3.1965     0.2966     0.5494     4.1382     0.2389     0.2786 1.000e-012 -9.000e+000      37.40    8.91427    31.1880    31.1897     2.4114    24.8892    1455.74         49        222
      13068     52.000     51.463     2.3970     2.3853  28.065615  28.059006     2.8871    64.4443     3.1594     0.3036     0.5625     4.1531     0.2395     0.2620 1.000e-012 -9.000e+000      36.34    8.90955    31.1907    31.1940     2.3944    24.8926    1455.69         49        222
      13117     53.000     52.453     2.3727     2.3638  28.050008  28.045555     2.8887    65.1388     3.1928     0.3087     0.5721     4.1921     0.2411     0.2719 1.000e-012 -9.000e+000      35.31    8.91978    31.1948    31.1981     2.3701    24.8977    1455.60         49        222
      13166     54.000     53.442     2.3479     2.3370  28.034698  28.029630     2.8920    65.8038     3.2248     0.2907     0.5382     4.2093     0.2418     0.2863 1.000e-012 -9.000e+000      34.24    8.93622    31.1998    31.2042     2.3452    24.9035    1455.52         50        222
      13216     55.000     54.432     2.2340     2.2059  27.966203  27.952475     2.8959    66.1296     3.2405     0.3213     0.5958     4.2649     0.2441     0.2553 1.000e-012 -9.000e+000      33.15    8.97507    31.2268    31.2375     2.2313    24.9334    1455.07         49        222
