inst/extdata/d201211_0011.cnv
* Sea-Bird SBE 9 Data File:
* FileName = C:\2012-11\CTD Raw\201211-0011.hdr
* Software Version Seasave V 7.21d
* Temperature SN = 4322
* Conductivity SN = 2809
* Number of Bytes Per Scan = 40
* Number of Voltage Words = 5
* Number of Scans Averaged by the Deck Unit = 1
* NMEA Latitude = 71 20.70 N
* NMEA Longitude = 151 47.26 W
* NMEA UTC (Time) = Aug 09 2012 06:34:34
* NMEA baud rate = 4800
** Ship:  CCGS Louis St-Laurent
** Cruise:  2012-11
** Station:   BL1
** Depth (m):  87
# nquan = 26
# nvalues = 78                          
# units = specified
# name 0 = scan: Scan Count
# name 1 = prDM: Pressure, Digiquartz [db]
# name 2 = depSM: Depth [salt water, m]
# name 3 = t090C: Temperature [ITS-90, deg C]
# name 4 = t190C: Temperature, 2 [ITS-90, deg C]
# name 5 = c0mS/cm: Conductivity [mS/cm]
# name 6 = c1mS/cm: Conductivity, 2 [mS/cm]
# name 7 = sbeox0V: Oxygen raw, SBE 43 [V]
# name 8 = CStarTr0: Beam Transmission, WET Labs C-Star [%]
# name 9 = v1: Voltage 1
# name 10 = flSP: Fluorescence, Seapoint
# name 11 = v0: Voltage 0
# name 12 = wetCDOM: Fluorescence, WET Labs CDOM [mg/m^3]
# name 13 = v4: Voltage 4
# name 14 = upoly0: Upoly 0, ISUS
# name 15 = par: PAR/Irradiance, Biospherical/Licor
# name 16 = spar: SPAR/Surface Irradiance
# name 17 = altM: Altimeter [m]
# name 18 = sbeox0ML/L: Oxygen, SBE 43 [ml/l], WS = 1
# name 19 = sal00: Salinity, Practical [PSU]
# name 20 = sal11: Salinity, Practical, 2 [PSU]
# name 21 = potemp090C: Potential Temperature [ITS-90, deg C]
# name 22 = sigma-é00: Density [sigma-theta, Kg/m^3]
# name 23 = svCM: Sound Velocity [Chen-Millero, m/s]
# name 24 = nbin: number of scans per bin
# name 25 = flag: flag
# span 0 =      10569,      17116       
# span 1 =      1.000,     78.000       
# span 2 =      0.990,     77.189       
# span 3 =    -0.0155,     4.5222       
# span 4 =    -0.0104,     4.5360       
# span 5 =  21.487809,  28.722950       
# span 6 =  21.490444,  28.766659       
# span 7 =     2.5958,     2.9447       
# span 8 =    63.8201,    86.1424       
# span 9 =     3.1293,     4.2040       
# span 10 = 2.8420e-01, 7.5926e-01      
# span 11 =     0.2842,     0.7592      
# span 12 =     3.1177,     4.4272      
# span 13 =     0.1973,     0.2507      
# span 14 =  0.2376539,  0.3106082      
# span 15 = -7.876e-06, 1.0433e+01      
# span 16 = 0.0000e+00, 0.0000e+00      
# span 17 =      10.02,      91.54      
# span 18 =    7.80573,    9.18451      
# span 19 =    25.1609,    31.5128      
# span 20 =    25.1601,    31.5149      
# span 21 =    -0.0155,     4.5210      
# span 22 =    20.1713,    25.2268      
# span 23 =    1435.95,    1462.66      
# span 24 =         31,        225      
# span 25 = 0.0000e+00, 0.0000e+00      
# interval = decibars: 1                
# start_time = Aug 09 2012 06:34:34 [NMEA time, header]
# bad_flag = -9.990e-29
*END*
[from data line 56]
      13312     57.000     56.411     2.0993     2.0775  27.892703  27.881987     2.9014    66.2400     3.2458     0.3123     0.5789     4.2568     0.2438     0.2879 1.000e-012 -9.000e+000      31.10    9.02256    31.2677    31.2759     2.0966    24.9757    1454.56         47        222
      13359     58.000     57.400     2.0511     2.0375  27.866613  27.861234     2.9029    66.4675     3.2568     0.3073     0.5695     4.3412     0.2472     0.2534 1.000e-012 -9.000e+000      30.04    9.03736    31.2824    31.2892     2.0484    24.9909    1454.38         47        222
      13406     59.000     58.390     2.0171     2.0004  27.848417  27.841103     2.9048    66.4327     3.2551     0.3039     0.5632     4.2031     0.2416     0.2515 1.000e-012 -9.000e+000      29.04    9.05040    31.2929    31.3004     2.0144    25.0017    1454.26         47        222
      13453     60.000     59.379     1.9721     1.9496  27.824410  27.812414     2.9077    66.3250     3.2499     0.2984     0.5527     4.3021     0.2456     0.3043 1.000e-012 -9.000e+000      28.03    9.06964    31.3072    31.3145     1.9693    25.0162    1454.10         48        222
      13501     61.000     60.369     1.9152     1.8964  27.791397  27.782373     2.9109    66.3553     3.2514     0.2990     0.5538     4.3470     0.2474     0.2797 1.000e-012 -9.000e+000      27.02    9.09297    31.3220    31.3294     1.9124    25.0320    1453.88         48        222
      13548     62.000     61.358     1.8532     1.8449  27.755338  27.752514     2.9126    66.4503     3.2559     0.3087     0.5721     4.3350     0.2469     0.2897 1.000e-012 -9.000e+000      26.00    9.11205    31.3381    31.3428     1.8504    25.0491    1453.65         46        222
      13595     63.000     62.348     1.8126     1.8123  27.732113  27.733678     2.9140    66.1022     3.2392     0.3058     0.5667     4.3030     0.2456     0.3024 1.000e-012 -9.000e+000      24.99    9.12511    31.3489    31.3512     1.8098    25.0605    1453.50         46        222
      13641     64.000     63.337     1.7838     1.7867  27.715486  27.718835     2.9150    66.4690     3.2569     0.3105     0.5756     4.3157     0.2462     0.2843 1.000e-012 -9.000e+000      23.98    9.13405    31.3563    31.3576     1.7809    25.0683    1453.40         47        222
      13688     65.000     64.327     1.7628     1.7681  27.703621  27.708477     2.9152    66.4729     3.2570     0.3055     0.5662     4.4272     0.2507     0.2865 1.000e-012 -9.000e+000      22.98    9.13830    31.3618    31.3626     1.7599    25.0741    1453.33         47        222
      13735     66.000     65.316     1.7565     1.7621  27.700595  27.705506     2.9140    66.2883     3.2481     0.3006     0.5569     4.3713     0.2484     0.2852 1.000e-012 -9.000e+000      21.96    9.13401    31.3638    31.3643     1.7536    25.0761    1453.32         46        222
      13782     67.000     66.306     1.7417     1.7486  27.692714  27.698220     2.9135    66.3814     3.2526     0.3034     0.5621     4.2718     0.2444     0.2775 1.000e-012 -9.000e+000      20.94    9.13445    31.3681    31.3681     1.7387    25.0806    1453.27         47        222
      13829     68.000     67.295     1.7240     1.7321  27.683599  27.689439     2.9143    66.2840     3.2479     0.3105     0.5755     4.3601     0.2480     0.2873 1.000e-012 -9.000e+000      19.95    9.14054    31.3738    31.3731     1.7210    25.0863    1453.22         47        222
      13876     69.000     68.285     1.6606     1.6819  27.648989  27.662283     2.9163    66.3696     3.2521     0.3005     0.5566     4.3349     0.2469     0.2732 1.000e-012 -9.000e+000      18.93    9.16195    31.3932    31.3886     1.6576    25.1060    1452.98         48        222
      13923     70.000     69.274     1.6090     1.6266  27.620702  27.631750     2.9182    66.5250     3.2595     0.2878     0.5327     4.3297     0.2467     0.2617 1.000e-012 -9.000e+000      17.92    9.18052    31.4087    31.4050     1.6060    25.1218    1452.78         48        222
      14242     71.000     70.264     1.5629     1.5568  27.596320  27.593376     2.9186    67.0665     3.2856     0.2968     0.5496     4.3469     0.2474     0.2813 1.000e-012 -9.000e+000      16.74    9.19242    31.4237    31.4261     1.5598    25.1367    1452.61        142        222
      14657     72.000     71.253     1.5182     1.5159  27.570178  27.569916     2.9186    67.2519     3.2945     0.2943     0.5450     4.3503     0.2476     0.2784 1.000e-012 -9.000e+000      15.86    9.20293    31.4350    31.4370     1.5151    25.1487    1452.45        130        222
      14784     73.000     72.242     1.4891     1.4776  27.554319  27.548249     2.9185    67.1818     3.2912     0.2857     0.5286     4.4084     0.2499     0.2890 1.000e-012 -9.000e+000      14.90    9.20949    31.4437    31.4476     1.4860    25.1575    1452.34        124        222
      14916     74.000     73.232     1.4692     1.4602  27.542766  27.538234     2.9192    67.1244     3.2884     0.2944     0.5451     4.3946     0.2494     0.2680 1.000e-012 -9.000e+000      13.93    9.21714    31.4486    31.4519     1.4661    25.1626    1452.28        115        222
      15043     75.000     74.221     1.4510     1.4444  27.532702  27.529365     2.9186    67.2733     3.2956     0.2906     0.5379     4.3693     0.2483     0.2709 1.000e-012 -9.000e+000      12.95    9.21967    31.4536    31.4560     1.4478    25.1678    1452.22        123        222
      15174     76.000     75.211     1.4201     1.4124  27.517334  27.513351     2.9190    67.8732     3.3245     0.2881     0.5331     4.4183     0.2503     0.2881 1.000e-012 -9.000e+000      11.97    9.22897    31.4647    31.4674     1.4169    25.1786    1452.11        118        222
      15306     77.000     76.200     1.3833     1.3624  27.498583  27.487558     2.9210    68.2752     3.3438     0.2869     0.5309     4.3922     0.2493     0.2920 1.000e-012 -9.000e+000      10.99    9.24586    31.4775    31.4846     1.3801    25.1912    1451.98        124        222
      17116     78.000     77.189     1.2639     1.2667  27.433155  27.436786     2.9245    68.2416     3.3422     0.2883     0.5335     4.4032     0.2497     0.2724 1.000e-012 -9.000e+000      10.02    9.28828    31.5144    31.5162     1.2607    25.2281    1451.51        225        222
