sandbox/dk/ctdTrim/cor2017080_preproc.cnv
* Sea-Bird SBE 9 Data File:
* FileName = C:\CTD_ACQUISITION\2017001COR\ctddata\COR2017080.hex
* Software Version Seasave V 7.23.1
* Temperature SN = 5083
* Conductivity SN = 3562
* Number of Bytes Per Scan = 37
* Number of Voltage Words = 4
* Number of Scans Averaged by the Deck Unit = 1
* NMEA Latitude = 43 42.29 N
* NMEA Longitude = 059 00.08 W
* NMEA UTC (Time) = Apr 24 2017 23:26:26
* NMEA baud rate = 9600
** Ship: Coriolis II
** Mission: COR2017001
** Chief_Scientist: Andrew Cogswell
** Organization: BIO
** Area_of_Operation: Spring AZMP Scotian Shelf
** Station: 080
** Sounding:  948
** Event_Comments: SG_28, 440671
** Cast 2
# nquan = 6
# nvalues = 16917                                 
# units = specified
# name 0 = scan: Scan Count
# name 1 = prDM: Pressure, Digiquartz [db]
# name 2 = t068C: Temperature [IPTS-68, deg C]
# name 3 = sal00: Salinity, Practical [PSU]
# name 4 = pumps: Pump Status
# name 5 = flag:  0.000e+00
# span 0 =          1,      16917                 
# span 1 =     -0.466,     51.507                 
# span 2 =     6.5112,    10.1000                 
# span 3 =     1.5733,    34.7031                 
# span 4 =          0,          1                 
# span 5 = 0.0000e+00, 0.0000e+00                 
# interval = seconds: 0.0416667
# start_time = Apr 24 2017 23:26:26 [NMEA time, header]
# bad_flag = -9.990e-29
*END*
[from data line 5971]
       5972     10.145     7.2629    33.6595          1  0.000e+00
       5973     10.181     7.2648    33.6654          1  0.000e+00
       5974     10.130     7.2703    33.6736          1  0.000e+00
       5975     10.094     7.2805    33.6731          1  0.000e+00
       5976     10.130     7.2858    33.6742          1  0.000e+00
       5977     10.043     7.2939    33.6775          1  0.000e+00
       5978     10.079     7.3026    33.6810          1  0.000e+00
       5979     10.021     7.3117    33.6844          1  0.000e+00
       5980     10.043     7.3188    33.6876          1  0.000e+00
       5981     10.021     7.3252    33.6914          1  0.000e+00
       5982     10.021     7.3324    33.6919          1  0.000e+00
       5983      9.985     7.3371    33.6913          1  0.000e+00
       5984      9.970     7.3398    33.6914          1  0.000e+00
       5985     10.021     7.3418    33.6910          1  0.000e+00
       5986      9.934     7.3421    33.6926          1  0.000e+00
       5987      9.912     7.3439    33.6986          1  0.000e+00
       5988      9.985     7.3504    33.6979          1  0.000e+00
       5989      9.912     7.3524    33.6945          1  0.000e+00
       5990      9.912     7.3510    33.6915          1  0.000e+00
       5991      9.934     7.3494    33.6897          1  0.000e+00
       5992      9.970     7.3466    33.6898          1  0.000e+00
       5993      9.912     7.3452    33.6897          1  0.000e+00
       5994      9.934     7.3447    33.6901          1  0.000e+00
       5995      9.912     7.3502    33.6854          1  0.000e+00
       5996      9.883     7.3555    33.6813          1  0.000e+00
       5997      9.970     7.3526    33.6857          1  0.000e+00
       5998      9.912     7.3541    33.6880          1  0.000e+00
       5999      9.883     7.3582    33.6881          1  0.000e+00
       6000      9.970     7.3531    33.6834          1  0.000e+00
       6001      9.970     7.3413    33.6789          1  0.000e+00
       6002      9.883     7.3329    33.6731          1  0.000e+00
       6003      9.970     7.3230    33.6735          1  0.000e+00
       6004      9.970     7.3159    33.6764          1  0.000e+00
       6005      9.985     7.3123    33.6764          1  0.000e+00
       6006      9.970     7.3090    33.6728          1  0.000e+00
       6007     10.043     7.3029    33.6693          1  0.000e+00
       6008      9.970     7.2950    33.6680          1  0.000e+00
       6009     10.021     7.2905    33.6710          1  0.000e+00
       6010      9.985     7.2902    33.6724          1  0.000e+00
       6011     10.079     7.2902    33.6733          1  0.000e+00
       6012     10.021     7.2903    33.6717          1  0.000e+00
       6013     10.094     7.2879    33.6708          1  0.000e+00
       6014     10.079     7.2861    33.6706          1  0.000e+00
       6015     10.094     7.2850    33.6713          1  0.000e+00
       6016     10.079     7.2840    33.6664          1  0.000e+00
       6017     10.130     7.2714    33.6676          1  0.000e+00
       6018     10.145     7.2663    33.6630          1  0.000e+00
       6019     10.130     7.2519    33.6418          1  0.000e+00
       6020     10.181     7.2218    33.6269          1  0.000e+00
       6021     10.203     7.1987    33.6291          1  0.000e+00
       6022     10.181     7.1953    33.6356          1  0.000e+00
       6023     10.203     7.1964    33.6351          1  0.000e+00
       6024     10.239     7.1918    33.6416          1  0.000e+00
       6025     10.239     7.1972    33.6573          1  0.000e+00
       6026     10.253     7.2101    33.6717          1  0.000e+00
       6027     10.290     7.2235    33.6713          1  0.000e+00
       6028     10.290     7.2285    33.6626          1  0.000e+00
       6029     10.312     7.2293    33.6556          1  0.000e+00
       6030     10.290     7.2312    33.6519          1  0.000e+00
       6031     10.312     7.2321    33.6540          1  0.000e+00
       6032     10.341     7.2374    33.6537          1  0.000e+00
       6033     10.399     7.2368    33.6453          1  0.000e+00
       6034     10.362     7.2276    33.6435          1  0.000e+00
       6035     10.399     7.2280    33.6495          1  0.000e+00
       6036     10.399     7.2359    33.6566          1  0.000e+00
       6037     10.362     7.2427    33.6581          1  0.000e+00
       6038     10.399     7.2459    33.6571          1  0.000e+00
       6039     10.471     7.2477    33.6564          1  0.000e+00
       6040     10.399     7.2490    33.6544          1  0.000e+00
       6041     10.450     7.2489    33.6529          1  0.000e+00
       6042     10.471     7.2492    33.6460          1  0.000e+00
       6043     10.450     7.2416    33.6367          1  0.000e+00
       6044     10.508     7.2315    33.6345          1  0.000e+00
       6045     10.471     7.2271    33.6361          1  0.000e+00
       6046     10.508     7.2258    33.6366          1  0.000e+00
       6047     10.471     7.2223    33.6350          1  0.000e+00
       6048     10.508     7.2069    33.6279          1  0.000e+00
       6049     10.508     7.1810    33.6228          1  0.000e+00
       6050     10.522     7.1605    33.6200          1  0.000e+00
       6051     10.508     7.1483    33.6188          1  0.000e+00
       6052     10.522     7.1391    33.6195          1  0.000e+00
       6053     10.559     7.1339    33.6235          1  0.000e+00
       6054     10.508     7.1346    33.6233          1  0.000e+00
       6055     10.522     7.1359    33.6167          1  0.000e+00
       6056     10.559     7.1332    33.6147          1  0.000e+00
       6057     10.559     7.1295    33.6165          1  0.000e+00
       6058     10.522     7.1261    33.6179          1  0.000e+00
       6059     10.508     7.1232    33.6189          1  0.000e+00
       6060     10.522     7.1214    33.6207          1  0.000e+00
       6061     10.609     7.1211    33.6214          1  0.000e+00
       6062     10.508     7.1205    33.6199          1  0.000e+00
       6063     10.522     7.1198    33.6188          1  0.000e+00
       6064     10.559     7.1182    33.6222          1  0.000e+00
       6065     10.522     7.1160    33.6306          1  0.000e+00
       6066     10.559     7.1195    33.6339          1  0.000e+00
       6067     10.508     7.1261    33.6318          1  0.000e+00
       6068     10.522     7.1324    33.6283          1  0.000e+00
       6069     10.508     7.1385    33.6240          1  0.000e+00
       6070     10.559     7.1418    33.6216          1  0.000e+00
       6071     10.522     7.1428    33.6223          1  0.000e+00
       6072     10.508     7.1433    33.6227          1  0.000e+00
       6073     10.522     7.1450    33.6210          1  0.000e+00
       6074     10.450     7.1480    33.6194          1  0.000e+00
       6075     10.559     7.1496    33.6209          1  0.000e+00
       6076     10.522     7.1521    33.6208          1  0.000e+00
       6077     10.508     7.1535    33.6215          1  0.000e+00
       6078     10.450     7.1533    33.6236          1  0.000e+00
       6079     10.522     7.1539    33.6227          1  0.000e+00
       6080     10.508     7.1547    33.6208          1  0.000e+00
       6081     10.471     7.1547    33.6200          1  0.000e+00
       6082     10.508     7.1549    33.6199          1  0.000e+00
       6083     10.508     7.1544    33.6215          1  0.000e+00
       6084     10.471     7.1541    33.6226          1  0.000e+00
       6085     10.450     7.1552    33.6228          1  0.000e+00
       6086     10.522     7.1562    33.6220          1  0.000e+00
       6087     10.450     7.1558    33.6222          1  0.000e+00
       6088     10.508     7.1552    33.6230          1  0.000e+00
       6089     10.471     7.1549    33.6244          1  0.000e+00
       6090     10.450     7.1541    33.6259          1  0.000e+00
       6091     10.508     7.1539    33.6267          1  0.000e+00
       6092     10.471     7.1542    33.6267          1  0.000e+00
       6093     10.450     7.1546    33.6253          1  0.000e+00
       6094     10.471     7.1560    33.6203          1  0.000e+00
       6095     10.450     7.1555    33.6162          1  0.000e+00
       6096     10.508     7.1547    33.6130          1  0.000e+00
       6097     10.413     7.1512    33.6153          1  0.000e+00
       6098     10.450     7.1461    33.6172          1  0.000e+00
       6099     10.508     7.1422    33.6175          1  0.000e+00
       6100     10.471     7.1402    33.6184          1  0.000e+00
       6101     10.508     7.1406    33.6183          1  0.000e+00
       6102     10.413     7.1403    33.6181          1  0.000e+00
       6103     10.508     7.1383    33.6185          1  0.000e+00
       6104     10.450     7.1364    33.6202          1  0.000e+00
       6105     10.471     7.1351    33.6248          1  0.000e+00
       6106     10.508     7.1355    33.6265          1  0.000e+00
       6107     10.471     7.1364    33.6243          1  0.000e+00
       6108     10.450     7.1372    33.6216          1  0.000e+00
       6109     10.508     7.1385    33.6189          1  0.000e+00
       6110     10.471     7.1386    33.6168          1  0.000e+00
       6111     10.508     7.1383    33.6132          1  0.000e+00
       6112     10.508     7.1378    33.6098          1  0.000e+00
       6113     10.471     7.1349    33.6104          1  0.000e+00
       6114     10.508     7.1313    33.6158          1  0.000e+00
       6115     10.471     7.1306    33.6231          1  0.000e+00
       6116     10.508     7.1350    33.6260          1  0.000e+00
       6117     10.508     7.1412    33.6242          1  0.000e+00
       6118     10.471     7.1450    33.6229          1  0.000e+00
       6119     10.508     7.1489    33.6210          1  0.000e+00
       6120     10.508     7.1499    33.6185          1  0.000e+00
       6121     10.471     7.1491    33.6198          1  0.000e+00
       6122     10.508     7.1504    33.6210          1  0.000e+00
       6123     10.522     7.1525    33.6212          1  0.000e+00
       6124     10.450     7.1537    33.6215          1  0.000e+00
       6125     10.508     7.1551    33.6211          1  0.000e+00
       6126     10.471     7.1558    33.6207          1  0.000e+00
       6127     10.508     7.1557    33.6206          1  0.000e+00
       6128     10.471     7.1547    33.6214          1  0.000e+00
       6129     10.508     7.1528    33.6224          1  0.000e+00
       6130     10.508     7.1518    33.6228          1  0.000e+00
       6131     10.471     7.1517    33.6223          1  0.000e+00
       6132     10.508     7.1509    33.6218          1  0.000e+00
       6133     10.450     7.1507    33.6190          1  0.000e+00
       6134     10.471     7.1509    33.6134          1  0.000e+00
       6135     10.450     7.1494    33.6096          1  0.000e+00
       6136     10.522     7.1457    33.6096          1  0.000e+00
       6137     10.450     7.1424    33.6106          1  0.000e+00
       6138     10.450     7.1412    33.6090          1  0.000e+00
       6139     10.471     7.1413    33.6051          1  0.000e+00
       6140     10.450     7.1410    33.5992          1  0.000e+00
       6141     10.450     7.1364    33.5958          1  0.000e+00
       6142     10.413     7.1281    33.5989          1  0.000e+00
       6143     10.450     7.1214    33.6025          1  0.000e+00
       6144     10.413     7.1150    33.6074          1  0.000e+00
       6145     10.399     7.1119    33.6099          1  0.000e+00
       6146     10.450     7.1092    33.6124          1  0.000e+00
       6147     10.413     7.1092    33.6122          1  0.000e+00
       6148     10.399     7.1084    33.6136          1  0.000e+00
       6149     10.413     7.1105    33.6116          1  0.000e+00
       6150     10.399     7.1127    33.6118          1  0.000e+00
       6151     10.399     7.1167    33.6133          1  0.000e+00
       6152     10.413     7.1208    33.6131          1  0.000e+00
       6153     10.399     7.1229    33.6113          1  0.000e+00
       6154     10.341     7.1246    33.6077          1  0.000e+00
       6155     10.413     7.1264    33.6044          1  0.000e+00
       6156     10.341     7.1287    33.6019          1  0.000e+00
       6157     10.413     7.1310    33.5996          1  0.000e+00
       6158     10.341     7.1311    33.5988          1  0.000e+00
       6159     10.399     7.1285    33.6017          1  0.000e+00
       6160     10.413     7.1253    33.6061          1  0.000e+00
       6161     10.341     7.1237    33.6088          1  0.000e+00
       6162     10.399     7.1217    33.6130          1  0.000e+00
       6163     10.362     7.1219    33.6127          1  0.000e+00
       6164     10.399     7.1237    33.6094          1  0.000e+00
       6165     10.362     7.1235    33.6093          1  0.000e+00
       6166     10.399     7.1216    33.6119          1  0.000e+00
       6167     10.341     7.1198    33.6143          1  0.000e+00
       6168     10.413     7.1189    33.6150          1  0.000e+00
       6169     10.341     7.1188    33.6158          1  0.000e+00
       6170     10.399     7.1191    33.6170          1  0.000e+00
       6171     10.413     7.1229    33.6161          1  0.000e+00
       6172     10.399     7.1313    33.6104          1  0.000e+00
       6173     10.362     7.1382    33.6058          1  0.000e+00
       6174     10.399     7.1400    33.6054          1  0.000e+00
       6175     10.450     7.1388    33.6074          1  0.000e+00
       6176     10.362     7.1364    33.6097          1  0.000e+00
       6177     10.399     7.1336    33.6123          1  0.000e+00
       6178     10.413     7.1329    33.6128          1  0.000e+00
       6179     10.399     7.1335    33.6114          1  0.000e+00
       6180     10.450     7.1345    33.6099          1  0.000e+00
       6181     10.362     7.1354    33.6072          1  0.000e+00
       6182     10.450     7.1369    33.6038          1  0.000e+00
       6183     10.399     7.1344    33.6049          1  0.000e+00
       6184     10.413     7.1301    33.6087          1  0.000e+00
       6185     10.399     7.1287    33.6102          1  0.000e+00
       6186     10.413     7.1282    33.6099          1  0.000e+00
       6187     10.399     7.1270    33.6105          1  0.000e+00
       6188     10.450     7.1261    33.6108          1  0.000e+00
       6189     10.362     7.1264    33.6099          1  0.000e+00
       6190     10.450     7.1258    33.6095          1  0.000e+00
       6191     10.399     7.1235    33.6098          1  0.000e+00
       6192     10.362     7.1216    33.6106          1  0.000e+00
       6193     10.450     7.1209    33.6097          1  0.000e+00
       6194     10.362     7.1214    33.6084          1  0.000e+00
       6195     10.450     7.1229    33.6062          1  0.000e+00
       6196     10.341     7.1235    33.6035          1  0.000e+00
       6197     10.413     7.1213    33.6035          1  0.000e+00
       6198     10.399     7.1189    33.6045          1  0.000e+00
       6199     10.341     7.1164    33.6053          1  0.000e+00
       6200     10.413     7.1142    33.6061          1  0.000e+00
       6201     10.341     7.1131    33.6067          1  0.000e+00
       6202     10.413     7.1126    33.6064          1  0.000e+00
       6203     10.341     7.1125    33.6057          1  0.000e+00
       6204     10.399     7.1116    33.6062          1  0.000e+00
       6205     10.312     7.1112    33.6065          1  0.000e+00
       6206     10.341     7.1105    33.6073          1  0.000e+00
       6207     10.362     7.1103    33.6071          1  0.000e+00
       6208     10.341     7.1100    33.6068          1  0.000e+00
