sandbox/dk/ctdTrim/cor2017080_preproc.cnv
* Sea-Bird SBE 9 Data File:
* FileName = C:\CTD_ACQUISITION\2017001COR\ctddata\COR2017080.hex
* Software Version Seasave V 7.23.1
* Temperature SN = 5083
* Conductivity SN = 3562
* Number of Bytes Per Scan = 37
* Number of Voltage Words = 4
* Number of Scans Averaged by the Deck Unit = 1
* NMEA Latitude = 43 42.29 N
* NMEA Longitude = 059 00.08 W
* NMEA UTC (Time) = Apr 24 2017 23:26:26
* NMEA baud rate = 9600
** Ship: Coriolis II
** Mission: COR2017001
** Chief_Scientist: Andrew Cogswell
** Organization: BIO
** Area_of_Operation: Spring AZMP Scotian Shelf
** Station: 080
** Sounding:  948
** Event_Comments: SG_28, 440671
** Cast 2
# nquan = 6
# nvalues = 16917                                 
# units = specified
# name 0 = scan: Scan Count
# name 1 = prDM: Pressure, Digiquartz [db]
# name 2 = t068C: Temperature [IPTS-68, deg C]
# name 3 = sal00: Salinity, Practical [PSU]
# name 4 = pumps: Pump Status
# name 5 = flag:  0.000e+00
# span 0 =          1,      16917                 
# span 1 =     -0.466,     51.507                 
# span 2 =     6.5112,    10.1000                 
# span 3 =     1.5733,    34.7031                 
# span 4 =          0,          1                 
# span 5 = 0.0000e+00, 0.0000e+00                 
# interval = seconds: 0.0416667
# start_time = Apr 24 2017 23:26:26 [NMEA time, header]
# bad_flag = -9.990e-29
*END*
[from data line 7165]
       7166     10.449     7.0551    33.5880          1  0.000e+00
       7167     10.521     7.0549    33.5881          1  0.000e+00
       7168     10.449     7.0551    33.5880          1  0.000e+00
       7169     10.557     7.0544    33.5880          1  0.000e+00
       7170     10.521     7.0541    33.5879          1  0.000e+00
       7171     10.557     7.0541    33.5875          1  0.000e+00
       7172     10.557     7.0539    33.5874          1  0.000e+00
       7173     10.572     7.0536    33.5878          1  0.000e+00
       7174     10.666     7.0534    33.5876          1  0.000e+00
       7175     10.630     7.0531    33.5879          1  0.000e+00
       7176     10.608     7.0531    33.5881          1  0.000e+00
       7177     10.666     7.0541    33.5886          1  0.000e+00
       7178     10.681     7.0551    33.5887          1  0.000e+00
       7179     10.717     7.0557    33.5884          1  0.000e+00
       7180     10.681     7.0562    33.5880          1  0.000e+00
       7181     10.717     7.0562    33.5881          1  0.000e+00
       7182     10.717     7.0564    33.5881          1  0.000e+00
       7183     10.739     7.0561    33.5880          1  0.000e+00
       7184     10.717     7.0561    33.5878          1  0.000e+00
       7185     10.768     7.0557    33.5882          1  0.000e+00
       7186     10.739     7.0561    33.5878          1  0.000e+00
       7187     10.717     7.0556    33.5878          1  0.000e+00
       7188     10.790     7.0553    33.5877          1  0.000e+00
       7189     10.768     7.0552    33.5878          1  0.000e+00
       7190     10.768     7.0549    33.5883          1  0.000e+00
       7191     10.739     7.0551    33.5879          1  0.000e+00
       7192     10.768     7.0553    33.5875          1  0.000e+00
       7193     10.739     7.0549    33.5879          1  0.000e+00
       7194     10.768     7.0549    33.5881          1  0.000e+00
       7195     10.717     7.0549    33.5880          1  0.000e+00
       7196     10.739     7.0551    33.5883          1  0.000e+00
       7197     10.768     7.0552    33.5880          1  0.000e+00
       7198     10.681     7.0551    33.5882          1  0.000e+00
       7199     10.717     7.0554    33.5883          1  0.000e+00
       7200     10.717     7.0551    33.5883          1  0.000e+00
       7201     10.681     7.0551    33.5884          1  0.000e+00
       7202     10.666     7.0553    33.5880          1  0.000e+00
       7203     10.666     7.0549    33.5881          1  0.000e+00
       7204     10.630     7.0551    33.5881          1  0.000e+00
       7205     10.666     7.0551    33.5879          1  0.000e+00
       7206     10.572     7.0551    33.5881          1  0.000e+00
       7207     10.557     7.0551    33.5882          1  0.000e+00
       7208     10.557     7.0551    33.5882          1  0.000e+00
       7209     10.572     7.0553    33.5878          1  0.000e+00
       7210     10.557     7.0552    33.5879          1  0.000e+00
       7211     10.340     7.0551    33.5886          1  0.000e+00
       7212     10.630     7.0551    33.5882          1  0.000e+00
       7213     10.448     7.0554    33.5882          1  0.000e+00
       7214     10.412     7.0556    33.5879          1  0.000e+00
       7215     10.448     7.0553    33.5883          1  0.000e+00
       7216     10.448     7.0556    33.5882          1  0.000e+00
       7217     10.361     7.0556    33.5882          1  0.000e+00
       7218     10.339     7.0556    33.5884          1  0.000e+00
       7219     10.361     7.0556    33.5883          1  0.000e+00
       7220     10.289     7.0554    33.5881          1  0.000e+00
       7221     10.339     7.0551    33.5883          1  0.000e+00
       7222     10.252     7.0551    33.5881          1  0.000e+00
       7223     10.289     7.0548    33.5881          1  0.000e+00
       7224     10.238     7.0549    33.5879          1  0.000e+00
       7225     10.201     7.0548    33.5881          1  0.000e+00
       7226     10.180     7.0548    33.5881          1  0.000e+00
       7227     10.201     7.0548    33.5883          1  0.000e+00
       7228     10.180     7.0549    33.5877          1  0.000e+00
       7229     10.129     7.0546    33.5881          1  0.000e+00
       7230     10.143     7.0544    33.5884          1  0.000e+00
       7231     10.129     7.0546    33.5877          1  0.000e+00
       7232     10.078     7.0548    33.5884          1  0.000e+00
       7233     10.093     7.0548    33.5885          1  0.000e+00
       7234     10.078     7.0551    33.5879          1  0.000e+00
       7235     10.042     7.0549    33.5880          1  0.000e+00
       7236     10.078     7.0548    33.5881          1  0.000e+00
       7237     10.020     7.0546    33.5883          1  0.000e+00
       7238     10.042     7.0549    33.5887          1  0.000e+00
       7239      9.969     7.0553    33.5887          1  0.000e+00
       7240     10.020     7.0554    33.5885          1  0.000e+00
       7241      9.984     7.0554    33.5880          1  0.000e+00
       7242     10.020     7.0551    33.5882          1  0.000e+00
       7243      9.969     7.0553    33.5880          1  0.000e+00
       7244      9.984     7.0551    33.5884          1  0.000e+00
       7245     10.020     7.0551    33.5882          1  0.000e+00
       7246      9.933     7.0551    33.5880          1  0.000e+00
       7247      9.969     7.0548    33.5886          1  0.000e+00
       7248      9.969     7.0553    33.5881          1  0.000e+00
       7249      9.933     7.0549    33.5881          1  0.000e+00
       7250      9.969     7.0545    33.5884          1  0.000e+00
       7251      9.969     7.0544    33.5887          1  0.000e+00
       7252      9.933     7.0548    33.5883          1  0.000e+00
       7253     10.020     7.0546    33.5883          1  0.000e+00
       7254      9.933     7.0542    33.5889          1  0.000e+00
       7255      9.969     7.0546    33.5886          1  0.000e+00
       7256      9.911     7.0544    33.5886          1  0.000e+00
       7257     10.042     7.0548    33.5883          1  0.000e+00
       7258      9.969     7.0548    33.5887          1  0.000e+00
       7259      9.969     7.0549    33.5884          1  0.000e+00
       7260     10.042     7.0551    33.5883          1  0.000e+00
       7261      9.969     7.0551    33.5885          1  0.000e+00
       7262     10.042     7.0554    33.5882          1  0.000e+00
       7263      9.969     7.0553    33.5883          1  0.000e+00
       7264     10.078     7.0556    33.5882          1  0.000e+00
       7265      9.984     7.0556    33.5886          1  0.000e+00
       7266     10.020     7.0556    33.5884          1  0.000e+00
       7267     10.078     7.0559    33.5877          1  0.000e+00
       7268     10.042     7.0557    33.5883          1  0.000e+00
       7269     10.078     7.0557    33.5885          1  0.000e+00
       7270     10.078     7.0556    33.5886          1  0.000e+00
       7271     10.042     7.0559    33.5886          1  0.000e+00
       7272     10.129     7.0561    33.5887          1  0.000e+00
       7273     10.042     7.0565    33.5886          1  0.000e+00
       7274     10.129     7.0565    33.5884          1  0.000e+00
       7275     10.129     7.0565    33.5886          1  0.000e+00
       7276     10.092     7.0564    33.5886          1  0.000e+00
       7277     10.129     7.0564    33.5885          1  0.000e+00
       7278     10.129     7.0562    33.5889          1  0.000e+00
       7279     10.143     7.0563    33.5886          1  0.000e+00
       7280     10.129     7.0565    33.5886          1  0.000e+00
       7281     10.201     7.0569    33.5888          1  0.000e+00
       7282     10.180     7.0570    33.5886          1  0.000e+00
       7283     10.180     7.0571    33.5881          1  0.000e+00
       7284     10.143     7.0570    33.5884          1  0.000e+00
       7285     10.180     7.0569    33.5886          1  0.000e+00
       7286     10.180     7.0571    33.5886          1  0.000e+00
       7287     10.201     7.0572    33.5887          1  0.000e+00
       7288     10.238     7.0573    33.5887          1  0.000e+00
       7289     10.201     7.0573    33.5889          1  0.000e+00
       7290     10.180     7.0573    33.5886          1  0.000e+00
       7291     10.238     7.0572    33.5876          1  0.000e+00
       7292     10.252     7.0565    33.5872          1  0.000e+00
       7293     10.180     7.0554    33.5881          1  0.000e+00
       7294     10.238     7.0549    33.5878          1  0.000e+00
       7295     10.252     7.0542    33.5879          1  0.000e+00
       7296     10.238     7.0539    33.5878          1  0.000e+00
       7297     10.252     7.0538    33.5877          1  0.000e+00
       7298     10.238     7.0533    33.5883          1  0.000e+00
       7299     10.289     7.0536    33.5883          1  0.000e+00
       7300     10.252     7.0534    33.5881          1  0.000e+00
       7301     10.238     7.0536    33.5875          1  0.000e+00
       7302     10.289     7.0534    33.5881          1  0.000e+00
       7303     10.252     7.0536    33.5881          1  0.000e+00
       7304     10.289     7.0536    33.5878          1  0.000e+00
       7305     10.310     7.0538    33.5881          1  0.000e+00
       7306     10.289     7.0538    33.5880          1  0.000e+00
       7307     10.289     7.0539    33.5880          1  0.000e+00
       7308     10.310     7.0539    33.5878          1  0.000e+00
       7309     10.289     7.0539    33.5882          1  0.000e+00
       7310     10.289     7.0538    33.5883          1  0.000e+00
       7311     10.310     7.0541    33.5880          1  0.000e+00
       7312     10.339     7.0541    33.5876          1  0.000e+00
       7313     10.310     7.0541    33.5878          1  0.000e+00
       7314     10.339     7.0539    33.5878          1  0.000e+00
       7315     10.339     7.0539    33.5875          1  0.000e+00
       7316     10.361     7.0538    33.5876          1  0.000e+00
       7317     10.339     7.0539    33.5869          1  0.000e+00
       7318     10.361     7.0534    33.5875          1  0.000e+00
       7319     10.397     7.0533    33.5879          1  0.000e+00
       7320     10.397     7.0531    33.5876          1  0.000e+00
       7321     10.361     7.0533    33.5876          1  0.000e+00
       7322     10.397     7.0531    33.5875          1  0.000e+00
       7323     10.397     7.0531    33.5880          1  0.000e+00
       7324     10.412     7.0530    33.5883          1  0.000e+00
       7325     10.448     7.0534    33.5876          1  0.000e+00
       7326     10.412     7.0533    33.5877          1  0.000e+00
       7327     10.448     7.0531    33.5880          1  0.000e+00
       7328     10.506     7.0531    33.5881          1  0.000e+00
       7329     10.470     7.0534    33.5876          1  0.000e+00
       7330     10.506     7.0533    33.5877          1  0.000e+00
       7331     10.448     7.0534    33.5880          1  0.000e+00
       7332     10.521     7.0533    33.5875          1  0.000e+00
       7333     10.506     7.0536    33.5877          1  0.000e+00
       7334     10.521     7.0534    33.5876          1  0.000e+00
       7335     10.557     7.0536    33.5873          1  0.000e+00
       7336     10.557     7.0534    33.5875          1  0.000e+00
       7337     10.521     7.0533    33.5873          1  0.000e+00
       7338     10.608     7.0530    33.5873          1  0.000e+00
       7339     10.572     7.0526    33.5876          1  0.000e+00
       7340     10.557     7.0526    33.5870          1  0.000e+00
       7341     10.608     7.0523    33.5872          1  0.000e+00
       7342     10.630     7.0522    33.5876          1  0.000e+00
       7343     10.608     7.0523    33.5875          1  0.000e+00
       7344     10.608     7.0526    33.5874          1  0.000e+00
       7345     10.630     7.0526    33.5877          1  0.000e+00
       7346     10.608     7.0528    33.5875          1  0.000e+00
       7347     10.681     7.0530    33.5874          1  0.000e+00
       7348     10.608     7.0529    33.5871          1  0.000e+00
       7349     10.608     7.0530    33.5873          1  0.000e+00
       7350     10.681     7.0534    33.5871          1  0.000e+00
       7351     10.666     7.0534    33.5873          1  0.000e+00
       7352     10.630     7.0536    33.5874          1  0.000e+00
       7353     10.666     7.0536    33.5870          1  0.000e+00
       7354     10.666     7.0533    33.5872          1  0.000e+00
       7355     10.681     7.0533    33.5877          1  0.000e+00
       7356     10.666     7.0531    33.5875          1  0.000e+00
       7357     10.608     7.0529    33.5876          1  0.000e+00
       7358     10.681     7.0531    33.5874          1  0.000e+00
       7359     10.608     7.0531    33.5874          1  0.000e+00
       7360     10.630     7.0530    33.5880          1  0.000e+00
       7361     10.666     7.0531    33.5878          1  0.000e+00
       7362     10.608     7.0530    33.5879          1  0.000e+00
       7363     10.681     7.0531    33.5874          1  0.000e+00
       7364     10.608     7.0531    33.5881          1  0.000e+00
       7365     10.572     7.0531    33.5879          1  0.000e+00
       7366     10.608     7.0530    33.5879          1  0.000e+00
       7367     10.557     7.0534    33.5877          1  0.000e+00
       7368     10.630     7.0533    33.5879          1  0.000e+00
       7369     10.557     7.0534    33.5877          1  0.000e+00
       7370     10.608     7.0534    33.5877          1  0.000e+00
       7371     10.521     7.0536    33.5878          1  0.000e+00
       7372     10.557     7.0534    33.5884          1  0.000e+00
       7373     10.470     7.0536    33.5876          1  0.000e+00
       7374     10.557     7.0534    33.5877          1  0.000e+00
       7375     10.506     7.0533    33.5874          1  0.000e+00
       7376     10.521     7.0530    33.5878          1  0.000e+00
       7377     10.448     7.0530    33.5877          1  0.000e+00
       7378     10.506     7.0531    33.5879          1  0.000e+00
       7379     10.470     7.0533    33.5874          1  0.000e+00
       7380     10.448     7.0531    33.5872          1  0.000e+00
       7381     10.412     7.0528    33.5880          1  0.000e+00
       7382     10.397     7.0529    33.5877          1  0.000e+00
       7383     10.448     7.0530    33.5876          1  0.000e+00
       7384     10.361     7.0528    33.5878          1  0.000e+00
       7385     10.397     7.0530    33.5876          1  0.000e+00
       7386     10.361     7.0526    33.5880          1  0.000e+00
       7387     10.397     7.0530    33.5879          1  0.000e+00
       7388     10.339     7.0530    33.5880          1  0.000e+00
       7389     10.310     7.0531    33.5881          1  0.000e+00
       7390     10.288     7.0531    33.5882          1  0.000e+00
       7391     10.339     7.0536    33.5882          1  0.000e+00
       7392     10.310     7.0536    33.5877          1  0.000e+00
       7393     10.288     7.0538    33.5877          1  0.000e+00
       7394     10.252     7.0536    33.5881          1  0.000e+00
       7395     10.288     7.0536    33.5880          1  0.000e+00
       7396     10.238     7.0536    33.5883          1  0.000e+00
       7397     10.252     7.0538    33.5880          1  0.000e+00
       7398     10.238     7.0537    33.5880          1  0.000e+00
       7399     10.238     7.0538    33.5879          1  0.000e+00
       7400     10.252     7.0538    33.5879          1  0.000e+00
       7401     10.238     7.0541    33.5874          1  0.000e+00
       7402     10.201     7.0539    33.5875          1  0.000e+00
