sandbox/dk/ctdTrim/cor2017080_preproc.cnv
* Sea-Bird SBE 9 Data File:
* FileName = C:\CTD_ACQUISITION\2017001COR\ctddata\COR2017080.hex
* Software Version Seasave V 7.23.1
* Temperature SN = 5083
* Conductivity SN = 3562
* Number of Bytes Per Scan = 37
* Number of Voltage Words = 4
* Number of Scans Averaged by the Deck Unit = 1
* NMEA Latitude = 43 42.29 N
* NMEA Longitude = 059 00.08 W
* NMEA UTC (Time) = Apr 24 2017 23:26:26
* NMEA baud rate = 9600
** Ship: Coriolis II
** Mission: COR2017001
** Chief_Scientist: Andrew Cogswell
** Organization: BIO
** Area_of_Operation: Spring AZMP Scotian Shelf
** Station: 080
** Sounding:  948
** Event_Comments: SG_28, 440671
** Cast 2
# nquan = 6
# nvalues = 16917                                 
# units = specified
# name 0 = scan: Scan Count
# name 1 = prDM: Pressure, Digiquartz [db]
# name 2 = t068C: Temperature [IPTS-68, deg C]
# name 3 = sal00: Salinity, Practical [PSU]
# name 4 = pumps: Pump Status
# name 5 = flag:  0.000e+00
# span 0 =          1,      16917                 
# span 1 =     -0.466,     51.507                 
# span 2 =     6.5112,    10.1000                 
# span 3 =     1.5733,    34.7031                 
# span 4 =          0,          1                 
# span 5 = 0.0000e+00, 0.0000e+00                 
# interval = seconds: 0.0416667
# start_time = Apr 24 2017 23:26:26 [NMEA time, header]
# bad_flag = -9.990e-29
*END*
[from data line 7881]
       7882     10.448     7.0705    33.5930          1  0.000e+00
       7883     10.448     7.0718    33.5934          1  0.000e+00
       7884     10.470     7.0727    33.5925          1  0.000e+00
       7885     10.397     7.0729    33.5913          1  0.000e+00
       7886     10.411     7.0722    33.5913          1  0.000e+00
       7887     10.339     7.0716    33.5907          1  0.000e+00
       7888     10.339     7.0706    33.5902          1  0.000e+00
       7889     10.310     7.0695    33.5904          1  0.000e+00
       7890     10.288     7.0688    33.5903          1  0.000e+00
       7891     10.310     7.0683    33.5904          1  0.000e+00
       7892     10.237     7.0686    33.5909          1  0.000e+00
       7893     10.288     7.0688    33.5914          1  0.000e+00
       7894     10.201     7.0698    33.5925          1  0.000e+00
       7895     10.237     7.0708    33.5923          1  0.000e+00
       7896     10.128     7.0718    33.5928          1  0.000e+00
       7897     10.143     7.0724    33.5928          1  0.000e+00
       7898     10.128     7.0725    33.5918          1  0.000e+00
       7899     10.143     7.0719    33.5913          1  0.000e+00
       7900     10.077     7.0714    33.5908          1  0.000e+00
       7901     10.077     7.0709    33.5908          1  0.000e+00
       7902     10.041     7.0703    33.5901          1  0.000e+00
       7903     10.077     7.0692    33.5900          1  0.000e+00
       7904      9.968     7.0688    33.5907          1  0.000e+00
       7905     10.041     7.0685    33.5911          1  0.000e+00
       7906      9.968     7.0685    33.5911          1  0.000e+00
       7907      9.968     7.0683    33.5910          1  0.000e+00
       7908      9.932     7.0683    33.5902          1  0.000e+00
       7909      9.910     7.0677    33.5906          1  0.000e+00
       7910      9.881     7.0672    33.5903          1  0.000e+00
       7911      9.910     7.0670    33.5897          1  0.000e+00
       7912      9.910     7.0665    33.5898          1  0.000e+00
       7913      9.881     7.0664    33.5901          1  0.000e+00
       7914      9.859     7.0659    33.5899          1  0.000e+00
       7915      9.859     7.0656    33.5895          1  0.000e+00
       7916      9.823     7.0653    33.5894          1  0.000e+00
       7917      9.859     7.0649    33.5897          1  0.000e+00
       7918      9.823     7.0648    33.5898          1  0.000e+00
       7919      9.809     7.0645    33.5903          1  0.000e+00
       7920      9.859     7.0645    33.5904          1  0.000e+00
       7921      9.772     7.0646    33.5908          1  0.000e+00
       7922      9.859     7.0648    33.5910          1  0.000e+00
       7923      9.809     7.0653    33.5909          1  0.000e+00
       7924      9.823     7.0653    33.5912          1  0.000e+00
       7925      9.809     7.0661    33.5908          1  0.000e+00
       7926      9.859     7.0667    33.5915          1  0.000e+00
       7927      9.823     7.0672    33.5920          1  0.000e+00
       7928      9.809     7.0680    33.5915          1  0.000e+00
       7929      9.823     7.0683    33.5914          1  0.000e+00
       7930      9.859     7.0683    33.5911          1  0.000e+00
       7931      9.859     7.0684    33.5917          1  0.000e+00
       7932      9.881     7.0690    33.5918          1  0.000e+00
       7933      9.910     7.0698    33.5917          1  0.000e+00
       7934      9.910     7.0705    33.5922          1  0.000e+00
       7935      9.932     7.0713    33.5926          1  0.000e+00
       7936      9.910     7.0722    33.5926          1  0.000e+00
       7937      9.968     7.0727    33.5919          1  0.000e+00
       7938      9.983     7.0721    33.5913          1  0.000e+00
       7939      9.968     7.0709    33.5908          1  0.000e+00
       7940     10.041     7.0698    33.5902          1  0.000e+00
       7941     10.077     7.0682    33.5903          1  0.000e+00
       7942     10.019     7.0675    33.5907          1  0.000e+00
       7943     10.041     7.0677    33.5910          1  0.000e+00
       7944     10.128     7.0682    33.5909          1  0.000e+00
       7945     10.128     7.0688    33.5911          1  0.000e+00
       7946     10.143     7.0686    33.5910          1  0.000e+00
       7947     10.179     7.0688    33.5907          1  0.000e+00
       7948     10.201     7.0687    33.5910          1  0.000e+00
       7949     10.237     7.0691    33.5914          1  0.000e+00
       7950     10.237     7.0700    33.5911          1  0.000e+00
       7951     10.310     7.0705    33.5915          1  0.000e+00
       7952     10.288     7.0708    33.5916          1  0.000e+00
       7953     10.288     7.0714    33.5924          1  0.000e+00
       7954     10.361     7.0732    33.5930          1  0.000e+00
       7955     10.397     7.0745    33.5934          1  0.000e+00
       7956     10.361     7.0759    33.5939          1  0.000e+00
       7957     10.448     7.0777    33.5939          1  0.000e+00
       7958     10.448     7.0792    33.5936          1  0.000e+00
       7959     10.470     7.0795    33.5933          1  0.000e+00
       7960     10.506     7.0792    33.5927          1  0.000e+00
       7961     10.571     7.0787    33.5929          1  0.000e+00
       7962     10.506     7.0781    33.5933          1  0.000e+00
       7963     10.608     7.0782    33.5930          1  0.000e+00
       7964     10.571     7.0784    33.5927          1  0.000e+00
       7965     10.608     7.0775    33.5926          1  0.000e+00
       7966     10.608     7.0774    33.5927          1  0.000e+00
       7967     10.629     7.0777    33.5940          1  0.000e+00
       7968     10.716     7.0800    33.5943          1  0.000e+00
       7969     10.629     7.0808    33.5940          1  0.000e+00
       7970     10.716     7.0809    33.5937          1  0.000e+00
       7971     10.716     7.0816    33.5946          1  0.000e+00
       7972     10.680     7.0826    33.5946          1  0.000e+00
       7973     10.767     7.0831    33.5946          1  0.000e+00
       7974     10.738     7.0834    33.5948          1  0.000e+00
       7975     10.767     7.0845    33.5954          1  0.000e+00
       7976     10.716     7.0880    33.5945          1  0.000e+00
       7977     10.789     7.0881    33.5937          1  0.000e+00
       7978     10.767     7.0856    33.5937          1  0.000e+00
       7979     10.767     7.0831    33.5940          1  0.000e+00
       7980     10.738     7.0814    33.5944          1  0.000e+00
       7981     10.767     7.0805    33.5951          1  0.000e+00
       7982     10.738     7.0809    33.5952          1  0.000e+00
       7983     10.825     7.0805    33.5952          1  0.000e+00
       7984     10.767     7.0805    33.5949          1  0.000e+00
       7985     10.738     7.0806    33.5934          1  0.000e+00
       7986     10.716     7.0797    33.5934          1  0.000e+00
       7987     10.789     7.0792    33.5937          1  0.000e+00
       7988     10.716     7.0792    33.5945          1  0.000e+00
       7989     10.666     7.0797    33.5943          1  0.000e+00
       7990     10.738     7.0793    33.5943          1  0.000e+00
       7991     10.716     7.0798    33.5940          1  0.000e+00
       7992     10.666     7.0793    33.5939          1  0.000e+00
       7993     10.680     7.0790    33.5937          1  0.000e+00
       7994     10.666     7.0785    33.5933          1  0.000e+00
       7995     10.680     7.0785    33.5933          1  0.000e+00
       7996     10.607     7.0785    33.5934          1  0.000e+00
       7997     10.607     7.0785    33.5934          1  0.000e+00
       7998     10.571     7.0781    33.5933          1  0.000e+00
       7999     10.607     7.0779    33.5928          1  0.000e+00
       8000     10.520     7.0772    33.5929          1  0.000e+00
       8001     10.607     7.0767    33.5921          1  0.000e+00
       8002     10.506     7.0759    33.5919          1  0.000e+00
       8003     10.520     7.0749    33.5920          1  0.000e+00
       8004     10.506     7.0745    33.5918          1  0.000e+00
       8005     10.448     7.0743    33.5926          1  0.000e+00
       8006     10.411     7.0743    33.5929          1  0.000e+00
       8007     10.506     7.0746    33.5923          1  0.000e+00
       8008     10.411     7.0748    33.5929          1  0.000e+00
       8009     10.397     7.0749    33.5932          1  0.000e+00
       8010     10.339     7.0753    33.5925          1  0.000e+00
       8011     10.361     7.0753    33.5928          1  0.000e+00
       8012     10.339     7.0754    33.5933          1  0.000e+00
       8013     10.288     7.0759    33.5928          1  0.000e+00
       8014     10.361     7.0758    33.5930          1  0.000e+00
       8015     10.339     7.0761    33.5931          1  0.000e+00
       8016     10.252     7.0762    33.5931          1  0.000e+00
       8017     10.237     7.0762    33.5931          1  0.000e+00
       8018     10.288     7.0761    33.5922          1  0.000e+00
       8019     10.201     7.0758    33.5925          1  0.000e+00
       8020     10.237     7.0758    33.5928          1  0.000e+00
       8021     10.143     7.0756    33.5931          1  0.000e+00
       8022     10.179     7.0756    33.5926          1  0.000e+00
       8023     10.179     7.0754    33.5926          1  0.000e+00
       8024     10.201     7.0754    33.5923          1  0.000e+00
       8025     10.128     7.0753    33.5926          1  0.000e+00
       8026     10.128     7.0754    33.5929          1  0.000e+00
       8027     10.092     7.0756    33.5930          1  0.000e+00
       8028     10.128     7.0756    33.5932          1  0.000e+00
       8029     10.077     7.0754    33.5931          1  0.000e+00
       8030     10.092     7.0756    33.5930          1  0.000e+00
       8031     10.128     7.0756    33.5928          1  0.000e+00
       8032     10.041     7.0759    33.5927          1  0.000e+00
       8033     10.128     7.0764    33.5929          1  0.000e+00
       8034     10.077     7.0762    33.5929          1  0.000e+00
       8035     10.041     7.0764    33.5925          1  0.000e+00
       8036     10.077     7.0762    33.5930          1  0.000e+00
       8037     10.077     7.0766    33.5934          1  0.000e+00
       8038     10.041     7.0767    33.5934          1  0.000e+00
       8039     10.077     7.0769    33.5937          1  0.000e+00
       8040     10.041     7.0769    33.5939          1  0.000e+00
       8041     10.077     7.0769    33.5939          1  0.000e+00
       8042     10.077     7.0773    33.5937          1  0.000e+00
       8043     10.041     7.0774    33.5938          1  0.000e+00
       8044     10.077     7.0779    33.5935          1  0.000e+00
       8045     10.128     7.0780    33.5940          1  0.000e+00
       8046     10.092     7.0785    33.5937          1  0.000e+00
       8047     10.077     7.0787    33.5943          1  0.000e+00
       8048     10.092     7.0792    33.5942          1  0.000e+00
       8049     10.128     7.0795    33.5943          1  0.000e+00
       8050     10.128     7.0798    33.5938          1  0.000e+00
       8051     10.092     7.0795    33.5943          1  0.000e+00
       8052     10.128     7.0795    33.5941          1  0.000e+00
       8053     10.128     7.0792    33.5936          1  0.000e+00
       8054     10.143     7.0787    33.5931          1  0.000e+00
       8055     10.179     7.0779    33.5930          1  0.000e+00
       8056     10.201     7.0777    33.5933          1  0.000e+00
       8057     10.179     7.0777    33.5931          1  0.000e+00
       8058     10.128     7.0777    33.5933          1  0.000e+00
       8059     10.201     7.0775    33.5940          1  0.000e+00
       8060     10.237     7.0781    33.5939          1  0.000e+00
       8061     10.237     7.0782    33.5936          1  0.000e+00
       8062     10.201     7.0777    33.5933          1  0.000e+00
       8063     10.237     7.0770    33.5929          1  0.000e+00
       8064     10.252     7.0759    33.5932          1  0.000e+00
       8065     10.288     7.0756    33.5931          1  0.000e+00
       8066     10.237     7.0753    33.5931          1  0.000e+00
       8067     10.252     7.0750    33.5931          1  0.000e+00
       8068     10.288     7.0748    33.5934          1  0.000e+00
       8069     10.288     7.0751    33.5936          1  0.000e+00
       8070     10.310     7.0756    33.5941          1  0.000e+00
       8071     10.288     7.0762    33.5938          1  0.000e+00
       8072     10.310     7.0769    33.5939          1  0.000e+00
       8073     10.339     7.0777    33.5943          1  0.000e+00
       8074     10.288     7.0788    33.5944          1  0.000e+00
       8075     10.360     7.0793    33.5948          1  0.000e+00
       8076     10.339     7.0801    33.5940          1  0.000e+00
       8077     10.339     7.0800    33.5943          1  0.000e+00
       8078     10.310     7.0798    33.5939          1  0.000e+00
       8079     10.339     7.0801    33.5948          1  0.000e+00
       8080     10.360     7.0804    33.5958          1  0.000e+00
       8081     10.339     7.0809    33.5956          1  0.000e+00
       8082     10.339     7.0814    33.5953          1  0.000e+00
       8083     10.360     7.0817    33.5958          1  0.000e+00
       8084     10.339     7.0824    33.5959          1  0.000e+00
       8085     10.339     7.0830    33.5951          1  0.000e+00
       8086     10.360     7.0831    33.5953          1  0.000e+00
       8087     10.397     7.0827    33.5955          1  0.000e+00
       8088     10.310     7.0824    33.5945          1  0.000e+00
       8089     10.339     7.0819    33.5943          1  0.000e+00
       8090     10.339     7.0813    33.5946          1  0.000e+00
       8091     10.360     7.0813    33.5947          1  0.000e+00
       8092     10.339     7.0811    33.5953          1  0.000e+00
       8093     10.179     7.0811    33.5951          1  0.000e+00
       8094     10.411     7.0811    33.5947          1  0.000e+00
       8095     10.339     7.0809    33.5951          1  0.000e+00
       8096     10.360     7.0813    33.5946          1  0.000e+00
       8097     10.288     7.0813    33.5947          1  0.000e+00
       8098     10.288     7.0812    33.5944          1  0.000e+00
       8099     10.310     7.0811    33.5948          1  0.000e+00
       8100     10.339     7.0814    33.5945          1  0.000e+00
       8101     10.252     7.0812    33.5951          1  0.000e+00
       8102     10.288     7.0813    33.5949          1  0.000e+00
       8103     10.288     7.0813    33.5951          1  0.000e+00
       8104     10.310     7.0812    33.5945          1  0.000e+00
       8105     10.237     7.0811    33.5944          1  0.000e+00
       8106     10.288     7.0808    33.5949          1  0.000e+00
       8107     10.252     7.0806    33.5945          1  0.000e+00
       8108     10.288     7.0808    33.5941          1  0.000e+00
       8109     10.201     7.0806    33.5942          1  0.000e+00
       8110     10.288     7.0804    33.5941          1  0.000e+00
       8111     10.237     7.0801    33.5941          1  0.000e+00
       8112     10.252     7.0800    33.5944          1  0.000e+00
       8113     10.179     7.0801    33.5946          1  0.000e+00
       8114     10.237     7.0800    33.5946          1  0.000e+00
       8115     10.252     7.0801    33.5946          1  0.000e+00
       8116     10.179     7.0803    33.5951          1  0.000e+00
       8117     10.252     7.0806    33.5943          1  0.000e+00
       8118     10.237     7.0808    33.5950          1  0.000e+00
       8119     10.237     7.0812    33.5944          1  0.000e+00
