sandbox/dk/ctdTrim/cor2017080_preproc.cnv
* Sea-Bird SBE 9 Data File:
* FileName = C:\CTD_ACQUISITION\2017001COR\ctddata\COR2017080.hex
* Software Version Seasave V 7.23.1
* Temperature SN = 5083
* Conductivity SN = 3562
* Number of Bytes Per Scan = 37
* Number of Voltage Words = 4
* Number of Scans Averaged by the Deck Unit = 1
* NMEA Latitude = 43 42.29 N
* NMEA Longitude = 059 00.08 W
* NMEA UTC (Time) = Apr 24 2017 23:26:26
* NMEA baud rate = 9600
** Ship: Coriolis II
** Mission: COR2017001
** Chief_Scientist: Andrew Cogswell
** Organization: BIO
** Area_of_Operation: Spring AZMP Scotian Shelf
** Station: 080
** Sounding:  948
** Event_Comments: SG_28, 440671
** Cast 2
# nquan = 6
# nvalues = 16917                                 
# units = specified
# name 0 = scan: Scan Count
# name 1 = prDM: Pressure, Digiquartz [db]
# name 2 = t068C: Temperature [IPTS-68, deg C]
# name 3 = sal00: Salinity, Practical [PSU]
# name 4 = pumps: Pump Status
# name 5 = flag:  0.000e+00
# span 0 =          1,      16917                 
# span 1 =     -0.466,     51.507                 
# span 2 =     6.5112,    10.1000                 
# span 3 =     1.5733,    34.7031                 
# span 4 =          0,          1                 
# span 5 = 0.0000e+00, 0.0000e+00                 
# interval = seconds: 0.0416667
# start_time = Apr 24 2017 23:26:26 [NMEA time, header]
# bad_flag = -9.990e-29
*END*
[from data line 11702]
      11703     22.824     9.2485    34.3895          1  0.000e+00
      11704     22.781     9.2539    34.3934          1  0.000e+00
      11705     22.781     9.2586    34.3908          1  0.000e+00
      11706     22.824     9.2612    34.3870          1  0.000e+00
      11707     22.832     9.2606    34.3844          1  0.000e+00
      11708     22.832     9.2557    34.3846          1  0.000e+00
      11709     22.875     9.2508    34.3859          1  0.000e+00
      11710     22.890     9.2487    34.3879          1  0.000e+00
      11711     22.875     9.2574    34.3942          1  0.000e+00
      11712     22.890     9.2733    34.3996          1  0.000e+00
      11713     22.890     9.2844    34.4021          1  0.000e+00
      11714     22.933     9.2917    34.4039          1  0.000e+00
      11715     22.991     9.2996    34.4043          1  0.000e+00
      11716     22.890     9.3065    34.4045          1  0.000e+00
      11717     22.984     9.3126    34.4056          1  0.000e+00
      11718     22.991     9.3183    34.4060          1  0.000e+00
      11719     22.991     9.3224    34.4062          1  0.000e+00
      11720     23.093     9.3255    34.4069          1  0.000e+00
      11721     22.991     9.3282    34.4079          1  0.000e+00
      11722     23.050     9.3301    34.4083          1  0.000e+00
      11723     23.144     9.3339    34.4107          1  0.000e+00
      11724     23.100     9.3399    34.4116          1  0.000e+00
      11725     23.100     9.3442    34.4121          1  0.000e+00
      11726     23.144     9.3471    34.4133          1  0.000e+00
      11727     23.159     9.3499    34.4140          1  0.000e+00
      11728     23.209     9.3522    34.4148          1  0.000e+00
      11729     23.202     9.3548    34.4153          1  0.000e+00
      11730     23.260     9.3571    34.4161          1  0.000e+00
      11731     23.260     9.3589    34.4159          1  0.000e+00
      11732     23.253     9.3600    34.4158          1  0.000e+00
      11733     23.318     9.3607    34.4159          1  0.000e+00
      11734     23.318     9.3613    34.4160          1  0.000e+00
      11735     23.413     9.3620    34.4162          1  0.000e+00
      11736     23.369     9.3628    34.4165          1  0.000e+00
      11737     23.420     9.3634    34.4173          1  0.000e+00
      11738     23.413     9.3649    34.4177          1  0.000e+00
      11739     23.478     9.3656    34.4179          1  0.000e+00
      11740     23.478     9.3661    34.4180          1  0.000e+00
      11741     23.471     9.3668    34.4185          1  0.000e+00
      11742     23.529     9.3680    34.4190          1  0.000e+00
      11743     23.587     9.3695    34.4187          1  0.000e+00
      11744     23.573     9.3706    34.4201          1  0.000e+00
      11745     23.587     9.3733    34.4206          1  0.000e+00
      11746     23.638     9.3755    34.4207          1  0.000e+00
      11747     23.689     9.3769    34.4217          1  0.000e+00
      11748     23.682     9.3790    34.4220          1  0.000e+00
      11749     23.689     9.3832    34.4231          1  0.000e+00
      11750     23.747     9.3865    34.4248          1  0.000e+00
      11751     23.682     9.3885    34.4254          1  0.000e+00
      11752     23.798     9.3899    34.4260          1  0.000e+00
      11753     23.798     9.3916    34.4275          1  0.000e+00
      11754     23.842     9.3943    34.4284          1  0.000e+00
      11755     23.849     9.3968    34.4287          1  0.000e+00
      11756     23.849     9.3984    34.4298          1  0.000e+00
      11757     23.900     9.3997    34.4310          1  0.000e+00
      11758     23.907     9.4019    34.4308          1  0.000e+00
      11759     23.907     9.4032    34.4306          1  0.000e+00
      11760     24.001     9.4040    34.4313          1  0.000e+00
      11761     23.958     9.4050    34.4316          1  0.000e+00
      11762     23.958     9.4063    34.4316          1  0.000e+00
      11763     24.059     9.4068    34.4322          1  0.000e+00
      11764     24.016     9.4075    34.4325          1  0.000e+00
      11765     24.016     9.4075    34.4331          1  0.000e+00
      11766     24.110     9.4081    34.4335          1  0.000e+00
      11767     24.067     9.4094    34.4339          1  0.000e+00
      11768     24.067     9.4125    34.4345          1  0.000e+00
      11769     24.176     9.4164    34.4352          1  0.000e+00
      11770     24.110     9.4192    34.4360          1  0.000e+00
      11771     24.118     9.4199    34.4374          1  0.000e+00
      11772     24.176     9.4212    34.4371          1  0.000e+00
      11773     24.161     9.4228    34.4379          1  0.000e+00
      11774     24.227     9.4243    34.4390          1  0.000e+00
      11775     24.227     9.4256    34.4397          1  0.000e+00
      11776     24.161     9.4271    34.4404          1  0.000e+00
      11777     24.277     9.4289    34.4412          1  0.000e+00
      11778     24.227     9.4305    34.4415          1  0.000e+00
      11779     24.270     9.4318    34.4414          1  0.000e+00
      11780     24.277     9.4327    34.4422          1  0.000e+00
      11781     24.277     9.4328    34.4431          1  0.000e+00
      11782     24.270     9.4341    34.4427          1  0.000e+00
      11783     24.336     9.4344    34.4436          1  0.000e+00
      11784     24.336     9.4351    34.4440          1  0.000e+00
      11785     24.336     9.4356    34.4446          1  0.000e+00
      11786     24.379     9.4353    34.4454          1  0.000e+00
      11787     24.336     9.4351    34.4466          1  0.000e+00
      11788     24.336     9.4356    34.4471          1  0.000e+00
      11789     24.379     9.4364    34.4459          1  0.000e+00
      11790     24.445     9.4371    34.4456          1  0.000e+00
      11791     24.336     9.4385    34.4454          1  0.000e+00
      11792     24.430     9.4394    34.4454          1  0.000e+00
      11793     24.445     9.4400    34.4455          1  0.000e+00
      11794     24.445     9.4403    34.4451          1  0.000e+00
      11795     24.430     9.4410    34.4448          1  0.000e+00
      11796     24.445     9.4417    34.4444          1  0.000e+00
      11797     24.445     9.4423    34.4453          1  0.000e+00
      11798     24.495     9.4430    34.4451          1  0.000e+00
      11799     24.488     9.4438    34.4446          1  0.000e+00
      11800     24.445     9.4438    34.4457          1  0.000e+00
      11801     24.546     9.4438    34.4468          1  0.000e+00
      11802     24.488     9.4443    34.4473          1  0.000e+00
      11803     24.495     9.4442    34.4477          1  0.000e+00
      11804     24.546     9.4433    34.4477          1  0.000e+00
      11805     24.539     9.4422    34.4481          1  0.000e+00
      11806     24.546     9.4425    34.4486          1  0.000e+00
      11807     24.546     9.4440    34.4481          1  0.000e+00
      11808     24.546     9.4440    34.4495          1  0.000e+00
      11809     24.597     9.4443    34.4503          1  0.000e+00
      11810     24.546     9.4459    34.4498          1  0.000e+00
      11811     24.604     9.4482    34.4491          1  0.000e+00
      11812     24.648     9.4489    34.4483          1  0.000e+00
      11813     24.604     9.4476    34.4492          1  0.000e+00
      11814     24.604     9.4472    34.4487          1  0.000e+00
      11815     24.648     9.4467    34.4486          1  0.000e+00
      11816     24.655     9.4472    34.4488          1  0.000e+00
      11817     24.655     9.4487    34.4496          1  0.000e+00
      11818     24.699     9.4494    34.4518          1  0.000e+00
      11819     24.706     9.4502    34.4538          1  0.000e+00
      11820     24.655     9.4520    34.4545          1  0.000e+00
      11821     24.706     9.4543    34.4548          1  0.000e+00
      11822     24.757     9.4559    34.4561          1  0.000e+00
      11823     24.764     9.4571    34.4568          1  0.000e+00
      11824     24.764     9.4579    34.4576          1  0.000e+00
      11825     24.757     9.4587    34.4572          1  0.000e+00
      11826     24.815     9.4592    34.4578          1  0.000e+00
      11827     24.764     9.4609    34.4568          1  0.000e+00
      11828     24.757     9.4611    34.4581          1  0.000e+00
      11829     24.975     9.4616    34.4586          1  0.000e+00
      11830     24.873     9.4623    34.4584          1  0.000e+00
      11831     24.873     9.4628    34.4590          1  0.000e+00
      11832     24.917     9.4636    34.4588          1  0.000e+00
      11833     24.924     9.4641    34.4592          1  0.000e+00
      11834     24.975     9.4646    34.4589          1  0.000e+00
      11835     24.968     9.4651    34.4590          1  0.000e+00
      11836     25.033     9.4653    34.4597          1  0.000e+00
      11837     24.975     9.4657    34.4598          1  0.000e+00
      11838     25.084     9.4654    34.4604          1  0.000e+00
      11839     25.077     9.4662    34.4599          1  0.000e+00
      11840     25.135     9.4666    34.4601          1  0.000e+00
      11841     25.135     9.4671    34.4601          1  0.000e+00
      11842     25.128     9.4672    34.4606          1  0.000e+00
      11843     25.193     9.4674    34.4607          1  0.000e+00
      11844     25.193     9.4675    34.4605          1  0.000e+00
      11845     25.244     9.4675    34.4608          1  0.000e+00
      11846     25.237     9.4677    34.4608          1  0.000e+00
      11847     25.302     9.4679    34.4609          1  0.000e+00
      11848     25.353     9.4680    34.4614          1  0.000e+00
      11849     25.345     9.4679    34.4617          1  0.000e+00
      11850     25.353     9.4679    34.4621          1  0.000e+00
      11851     25.404     9.4680    34.4620          1  0.000e+00
      11852     25.462     9.4674    34.4627          1  0.000e+00
      11853     25.454     9.4663    34.4628          1  0.000e+00
      11854     25.513     9.4659    34.4623          1  0.000e+00
      11855     25.513     9.4651    34.4625          1  0.000e+00
      11856     25.556     9.4644    34.4628          1  0.000e+00
      11857     25.622     9.4641    34.4629          1  0.000e+00
      11858     25.563     9.4634    34.4627          1  0.000e+00
      11859     25.672     9.4628    34.4625          1  0.000e+00
      11860     25.665     9.4611    34.4621          1  0.000e+00
      11861     25.723     9.4590    34.4626          1  0.000e+00
      11862     25.723     9.4574    34.4628          1  0.000e+00
      11863     25.774     9.4567    34.4626          1  0.000e+00
      11864     25.832     9.4562    34.4624          1  0.000e+00
      11865     25.832     9.4558    34.4631          1  0.000e+00
      11866     25.832     9.4556    34.4630          1  0.000e+00
      11867     25.883     9.4553    34.4631          1  0.000e+00
      11868     25.941     9.4554    34.4632          1  0.000e+00
      11869     25.890     9.4553    34.4632          1  0.000e+00
      11870     25.992     9.4551    34.4635          1  0.000e+00
      11871     25.985     9.4551    34.4633          1  0.000e+00
      11872     26.050     9.4549    34.4636          1  0.000e+00
      11873     26.050     9.4548    34.4638          1  0.000e+00
      11874     26.043     9.4551    34.4637          1  0.000e+00
      11875     26.101     9.4548    34.4639          1  0.000e+00
      11876     26.101     9.4544    34.4638          1  0.000e+00
      11877     26.152     9.4541    34.4643          1  0.000e+00
      11878     26.203     9.4540    34.4640          1  0.000e+00
      11879     26.210     9.4541    34.4642          1  0.000e+00
      11880     26.210     9.4538    34.4645          1  0.000e+00
      11881     26.210     9.4540    34.4642          1  0.000e+00
      11882     26.254     9.4540    34.4507          1  0.000e+00
      11883     26.319     9.4540    34.4511          1  0.000e+00
      11884     26.261     9.4540    34.4615          1  0.000e+00
      11885     26.319     9.4538    34.4641          1  0.000e+00
      11886     26.312     9.4540    34.4648          1  0.000e+00
      11887     26.370     9.4536    34.4644          1  0.000e+00
      11888     26.370     9.4529    34.4642          1  0.000e+00
      11889     26.363     9.4523    34.4639          1  0.000e+00
      11890     26.370     9.4515    34.4637          1  0.000e+00
      11891     26.421     9.4504    34.4643          1  0.000e+00
      11892     26.370     9.4494    34.4642          1  0.000e+00
      11893     26.414     9.4485    34.4641          1  0.000e+00
      11894     26.479     9.4477    34.4640          1  0.000e+00
      11895     26.421     9.4469    34.4639          1  0.000e+00
      11896     26.479     9.4461    34.4643          1  0.000e+00
      11897     26.472     9.4456    34.4641          1  0.000e+00
      11898     26.421     9.4448    34.4643          1  0.000e+00
      11899     26.479     9.4444    34.4640          1  0.000e+00
      11900     26.530     9.4440    34.4644          1  0.000e+00
      11901     26.472     9.4441    34.4642          1  0.000e+00
      11902     26.530     9.4440    34.4637          1  0.000e+00
      11903     26.479     9.4436    34.4641          1  0.000e+00
      11904     26.530     9.4435    34.4646          1  0.000e+00
      11905     26.523     9.4438    34.4641          1  0.000e+00
      11906     26.530     9.4435    34.4638          1  0.000e+00
      11907     26.530     9.4435    34.4634          1  0.000e+00
      11908     26.581     9.4429    34.4636          1  0.000e+00
      11909     26.523     9.4428    34.4631          1  0.000e+00
      11910     26.530     9.4425    34.4641          1  0.000e+00
      11911     26.530     9.4422    34.4638          1  0.000e+00
      11912     26.581     9.4430    34.4630          1  0.000e+00
      11913     26.581     9.4433    34.4633          1  0.000e+00
      11914     26.581     9.4440    34.4628          1  0.000e+00
      11915     26.581     9.4427    34.4630          1  0.000e+00
      11916     26.581     9.4422    34.4611          1  0.000e+00
      11917     26.581     9.4395    34.4610          1  0.000e+00
      11918     26.581     9.4378    34.4629          1  0.000e+00
      11919     26.581     9.4391    34.4636          1  0.000e+00
      11920     26.632     9.4407    34.4636          1  0.000e+00
      11921     26.639     9.4418    34.4636          1  0.000e+00
      11922     26.581     9.4422    34.4643          1  0.000e+00
      11923     26.690     9.4425    34.4640          1  0.000e+00
      11924     26.632     9.4425    34.4639          1  0.000e+00
      11925     26.639     9.4423    34.4641          1  0.000e+00
      11926     26.639     9.4415    34.4643          1  0.000e+00
      11927     26.690     9.4412    34.4641          1  0.000e+00
      11928     26.682     9.4409    34.4644          1  0.000e+00
      11929     26.690     9.4407    34.4646          1  0.000e+00
      11930     26.748     9.4407    34.4646          1  0.000e+00
      11931     26.690     9.4407    34.4649          1  0.000e+00
      11932     26.741     9.4405    34.4645          1  0.000e+00
      11933     26.748     9.4405    34.4644          1  0.000e+00
      11934     26.748     9.4404    34.4646          1  0.000e+00
      11935     26.799     9.4404    34.4645          1  0.000e+00
      11936     26.791     9.4404    34.4642          1  0.000e+00
      11937     26.799     9.4400    34.4648          1  0.000e+00
      11938     26.799     9.4395    34.4648          1  0.000e+00
      11939     26.850     9.4391    34.4646          1  0.000e+00
      11940     26.842     9.4389    34.4648          1  0.000e+00
