sandbox/dk/ctdTrim/SBE19plus_01906009_2019_04_11.cnv
* Sea-Bird SBE19plus  Data File:
* FileName = C:\Users\Marprod\Desktop\LIA 2019_CTD CASTS_SBD19PLUS\Casts (Original formats)\SBE19plus_01906009_2019_04_11.hex
* Software version 2.6.3.104
* Temperature SN = 6009
* Conductivity SN = 6009
* System UpLoad Time = Apr 11 2019 19:33:31
* <ApplicationData>
* <Seaterm232>
# nquan = 7
# nvalues = 7888                                  
# units = specified
# name 0 = c0mS/cm: Conductivity [mS/cm]
# name 1 = sal00: Salinity, Practical [PSU]
# name 2 = prdM: Pressure, Strain Gauge [db]
# name 3 = tv290C: Temperature [ITS-90, deg C]
# name 4 = flECO-AFL: Fluorescence, WET Labs ECO-AFL/FL [mg/m^3]
# name 5 = timeJ: Julian Days
# name 6 = flag:  0.000e+00
# span 0 =   0.537129,  27.621925                 
# span 1 =     0.4310,    33.8505                 
# span 2 =     -0.070,    147.436                 
# span 3 =    -1.6913,     4.5830                 
# span 4 =     1.2173,    23.7397                 
# span 5 = 101.780764, 101.803585                 
# span 6 = 0.0000e+00, 0.0000e+00                 
# interval = seconds: 0.25
# start_time = Apr 11 2019 18:44:18 [Instrument's time stamp, header]
# bad_flag = -9.990e-29
*END*
[from data line 4513]
  27.358050    33.6256    126.126    -0.8459     1.5360 101.793822  0.000e+00
  27.357417    33.6236    126.215    -0.8449     1.5286 101.793825  0.000e+00
  27.357628    33.6231    126.297    -0.8442     1.5305 101.793828  0.000e+00
  27.357787    33.6230    126.389    -0.8440     1.5653 101.793831  0.000e+00
  27.358208    33.6234    126.466    -0.8439     1.5726 101.793834  0.000e+00
  27.358841    33.6242    126.554    -0.8439     1.5744 101.793837  0.000e+00
  27.358841    33.6241    126.646    -0.8439     1.5653 101.793840  0.000e+00
  27.359157    33.6245    126.722    -0.8439     1.5671 101.793843  0.000e+00
  27.359895    33.6253    126.817    -0.8438     1.5360 101.793845  0.000e+00
  27.361845    33.6277    126.893    -0.8436     1.5360 101.793848  0.000e+00
  27.365376    33.6319    126.982    -0.8431     1.5396 101.793851  0.000e+00
  27.366957    33.6333    127.070    -0.8425     1.5469 101.793854  0.000e+00
  27.368749    33.6349    127.153    -0.8418     1.5378 101.793857  0.000e+00
  27.370857    33.6370    127.241    -0.8412     1.5360 101.793860  0.000e+00
  27.369803    33.6348    127.321    -0.8405     1.5286 101.793863  0.000e+00
  27.370910    33.6360    127.409    -0.8403     1.5378 101.793866  0.000e+00
  27.369277    33.6336    127.498    -0.8402     1.5341 101.793869  0.000e+00
  27.369119    33.6333    127.577    -0.8401     1.5433 101.793872  0.000e+00
  27.369382    33.6337    127.663    -0.8402     1.5341 101.793874  0.000e+00
  27.371227    33.6362    127.755    -0.8403     1.5396 101.793877  0.000e+00
  27.374600    33.6404    127.834    -0.8400     1.5360 101.793880  0.000e+00
  27.376181    33.6418    127.925    -0.8394     1.5323 101.793883  0.000e+00
  27.378184    33.6437    128.005    -0.8387     1.5341 101.793886  0.000e+00
  27.380451    33.6461    128.096    -0.8382     1.5414 101.793889  0.000e+00
  27.379924    33.6447    128.188    -0.8376     1.5634 101.793892  0.000e+00
  27.380082    33.6445    128.265    -0.8372     1.5744 101.793895  0.000e+00
  27.381874    33.6466    128.353    -0.8370     1.5744 101.793898  0.000e+00
  27.381295    33.6456    128.445    -0.8368     1.5781 101.793900  0.000e+00
  27.383245    33.6478    128.530    -0.8365     1.5634 101.793903  0.000e+00
  27.384142    33.6486    128.610    -0.8362     1.5707 101.793906  0.000e+00
  27.385038    33.6495    128.698    -0.8360     1.5726 101.793909  0.000e+00
  27.386303    33.6508    128.790    -0.8357     1.5671 101.793912  0.000e+00
  27.386303    33.6503    128.876    -0.8352     1.5726 101.793915  0.000e+00
  27.386198    33.6497    128.961    -0.8349     1.5323 101.793918  0.000e+00
  27.386462    33.6500    129.041    -0.8349     1.5360 101.793921  0.000e+00
  27.386620    33.6499    129.129    -0.8346     1.5524 101.793924  0.000e+00
  27.386093    33.6492    129.224    -0.8347     1.5433 101.793927  0.000e+00
  27.386357    33.6497    129.306    -0.8349     1.5323 101.793929  0.000e+00
  27.386621    33.6500    129.386    -0.8349     1.5396 101.793932  0.000e+00
  27.386832    33.6502    129.480    -0.8349     1.5451 101.793935  0.000e+00
  27.387517    33.6511    129.554    -0.8349     1.5378 101.793938  0.000e+00
  27.388414    33.6522    129.639    -0.8348     1.5195 101.793941  0.000e+00
  27.388414    33.6519    129.728    -0.8346     1.5012 101.793944  0.000e+00
  27.388045    33.6512    129.817    -0.8345     1.5085 101.793947  0.000e+00
  27.388414    33.6516    129.902    -0.8344     1.5122 101.793950  0.000e+00
  27.388204    33.6512    129.987    -0.8344     1.5799 101.793953  0.000e+00
  27.387888    33.6507    130.073    -0.8343     1.5598 101.793955  0.000e+00
  27.387677    33.6504    130.155    -0.8344     1.5671 101.793958  0.000e+00
  27.388046    33.6509    130.235    -0.8344     1.5744 101.793961  0.000e+00
  27.388205    33.6511    130.317    -0.8345     1.5176 101.793964  0.000e+00
  27.388785    33.6518    130.409    -0.8344     1.5030 101.793967  0.000e+00
  27.389101    33.6520    130.485    -0.8343     1.5122 101.793970  0.000e+00
  27.388996    33.6517    130.568    -0.8342     1.5012 101.793973  0.000e+00
  27.388943    33.6516    130.650    -0.8342     1.4993 101.793976  0.000e+00
  27.388944    33.6515    130.724    -0.8341     1.5268 101.793979  0.000e+00
  27.388417    33.6508    130.803    -0.8342     1.5396 101.793981  0.000e+00
  27.388417    33.6508    130.882    -0.8342     1.5341 101.793984  0.000e+00
  27.388575    33.6511    130.968    -0.8343     1.5268 101.793987  0.000e+00
  27.388206    33.6505    131.053    -0.8343     1.5305 101.793990  0.000e+00
  27.388418    33.6509    131.133    -0.8344     1.5341 101.793993  0.000e+00
  27.388418    33.6508    131.212    -0.8344     1.5286 101.793996  0.000e+00
  27.388787    33.6513    131.295    -0.8344     1.5341 101.793999  0.000e+00
  27.388787    33.6512    131.383    -0.8344     1.5360 101.794002  0.000e+00
  27.387680    33.6497    131.454    -0.8345     1.5360 101.794005  0.000e+00
  27.388946    33.6515    131.542    -0.8346     1.5286 101.794008  0.000e+00
  27.387154    33.6491    131.628    -0.8346     1.5250 101.794010  0.000e+00
  27.387892    33.6499    131.710    -0.8345     1.4975 101.794013  0.000e+00
  27.388208    33.6504    131.787    -0.8346     1.5048 101.794016  0.000e+00
  27.387365    33.6493    131.872    -0.8347     1.5012 101.794019  0.000e+00
  27.388051    33.6502    131.955    -0.8347     1.4975 101.794022  0.000e+00
  27.387893    33.6499    132.040    -0.8346     1.5323 101.794025  0.000e+00
  27.387840    33.6498    132.129    -0.8347     1.5323 101.794028  0.000e+00
  27.387366    33.6492    132.199    -0.8348     1.5305 101.794031  0.000e+00
  27.387893    33.6499    132.288    -0.8348     1.5341 101.794034  0.000e+00
  27.387367    33.6492    132.373    -0.8349     1.5231 101.794036  0.000e+00
  27.387314    33.6492    132.456    -0.8350     1.5671 101.794039  0.000e+00
  27.388052    33.6501    132.538    -0.8349     1.5671 101.794042  0.000e+00
  27.387683    33.6496    132.611    -0.8350     1.5524 101.794045  0.000e+00
  27.388633    33.6507    132.700    -0.8349     1.5689 101.794048  0.000e+00
  27.388211    33.6501    132.779    -0.8349     1.5341 101.794051  0.000e+00
  27.387895    33.6496    132.862    -0.8348     1.5396 101.794054  0.000e+00
  27.388211    33.6499    132.941    -0.8348     1.5231 101.794057  0.000e+00
  27.387685    33.6492    133.030    -0.8348     1.5305 101.794060  0.000e+00
  27.388423    33.6501    133.119    -0.8348     1.5323 101.794063  0.000e+00
  27.387896    33.6494    133.192    -0.8349     1.5323 101.794065  0.000e+00
  27.388423    33.6501    133.274    -0.8349     1.5286 101.794068  0.000e+00
  27.388792    33.6505    133.351    -0.8348     1.5360 101.794071  0.000e+00
  27.388213    33.6496    133.439    -0.8348     1.5360 101.794074  0.000e+00
  27.388582    33.6500    133.519    -0.8347     1.5286 101.794077  0.000e+00
  27.389109    33.6506    133.607    -0.8347     1.5360 101.794080  0.000e+00
  27.389004    33.6504    133.690    -0.8347     1.5323 101.794083  0.000e+00
  27.388424    33.6496    133.769    -0.8347     1.5323 101.794086  0.000e+00
  27.388214    33.6492    133.858    -0.8347     1.5286 101.794089  0.000e+00
  27.388952    33.6502    133.940    -0.8347     1.5286 101.794091  0.000e+00
  27.389743    33.6512    134.017    -0.8347     1.5286 101.794094  0.000e+00
  27.390007    33.6516    134.096    -0.8347     1.5195 101.794097  0.000e+00
  27.389322    33.6505    134.185    -0.8346     1.5341 101.794100  0.000e+00
  27.388637    33.6494    134.267    -0.8345     1.5323 101.794103  0.000e+00
  27.388795    33.6497    134.350    -0.8347     1.5323 101.794106  0.000e+00
  27.388426    33.6493    134.429    -0.8348     1.5305 101.794109  0.000e+00
  27.388795    33.6498    134.515    -0.8348     1.5305 101.794112  0.000e+00
  27.388216    33.6491    134.594    -0.8350     1.5250 101.794115  0.000e+00
  27.389112    33.6502    134.670    -0.8350     1.5158 101.794117  0.000e+00
  27.389112    33.6501    134.756    -0.8349     1.5323 101.794120  0.000e+00
  27.389113    33.6500    134.835    -0.8349     1.5323 101.794123  0.000e+00
  27.389007    33.6498    134.924    -0.8349     1.5396 101.794126  0.000e+00
  27.389113    33.6498    135.003    -0.8348     1.5286 101.794129  0.000e+00
  27.389113    33.6499    135.089    -0.8349     1.5360 101.794132  0.000e+00
  27.388955    33.6496    135.171    -0.8349     1.5360 101.794135  0.000e+00
  27.389166    33.6499    135.254    -0.8349     1.5360 101.794138  0.000e+00
  27.388587    33.6490    135.330    -0.8349     1.5360 101.794141  0.000e+00
  27.389114    33.6497    135.406    -0.8349     1.5360 101.794144  0.000e+00
  27.389378    33.6501    135.492    -0.8349     1.5378 101.794146  0.000e+00
  27.388587    33.6488    135.577    -0.8348     1.5286 101.794149  0.000e+00
  27.388060    33.6482    135.663    -0.8350     1.5360 101.794152  0.000e+00
  27.388061    33.6483    135.745    -0.8350     1.5250 101.794155  0.000e+00
  27.387481    33.6475    135.831    -0.8351     1.5231 101.794158  0.000e+00
  27.388219    33.6486    135.907    -0.8352     1.5231 101.794161  0.000e+00
  27.388430    33.6489    135.993    -0.8353     1.5305 101.794164  0.000e+00
  27.388220    33.6485    136.072    -0.8352     1.5323 101.794167  0.000e+00
  27.388800    33.6492    136.155    -0.8352     1.5286 101.794170  0.000e+00
  27.388800    33.6491    136.237    -0.8351     1.5634 101.794172  0.000e+00
  27.388958    33.6493    136.320    -0.8352     1.5561 101.794175  0.000e+00
  27.388800    33.6490    136.405    -0.8352     1.5653 101.794178  0.000e+00
  27.388063    33.6480    136.485    -0.8352     1.5543 101.794181  0.000e+00
  27.388801    33.6489    136.567    -0.8351     1.5323 101.794184  0.000e+00
  27.388801    33.6489    136.653    -0.8352     1.5305 101.794187  0.000e+00
  27.388801    33.6488    136.735    -0.8351     1.5323 101.794190  0.000e+00
  27.388591    33.6485    136.815    -0.8352     1.5305 101.794193  0.000e+00
  27.388802    33.6487    136.903    -0.8351     1.5378 101.794196  0.000e+00
  27.388433    33.6482    136.983    -0.8352     1.5378 101.794198  0.000e+00
  27.388644    33.6485    137.068    -0.8353     1.5360 101.794201  0.000e+00
  27.388802    33.6486    137.151    -0.8352     1.5250 101.794204  0.000e+00
  27.389119    33.6489    137.233    -0.8352     1.5598 101.794207  0.000e+00
  27.388961    33.6486    137.313    -0.8351     1.5524 101.794210  0.000e+00
  27.389172    33.6490    137.392    -0.8352     1.5561 101.794213  0.000e+00
  27.388803    33.6484    137.480    -0.8352     1.5524 101.794216  0.000e+00
  27.388065    33.6473    137.560    -0.8351     1.5231 101.794219  0.000e+00
  27.387908    33.6472    137.645    -0.8353     1.5323 101.794222  0.000e+00
  27.387697    33.6470    137.728    -0.8354     1.5360 101.794225  0.000e+00
  27.388066    33.6476    137.801    -0.8356     1.5286 101.794227  0.000e+00
  27.387697    33.6472    137.884    -0.8357     1.5140 101.794230  0.000e+00
  27.388067    33.6476    137.969    -0.8357     1.5396 101.794233  0.000e+00
  27.389490    33.6493    138.055    -0.8355     1.5360 101.794236  0.000e+00
  27.389859    33.6496    138.134    -0.8354     1.5195 101.794239  0.000e+00
  27.389859    33.6495    138.214    -0.8353     1.5323 101.794242  0.000e+00
  27.389912    33.6492    138.308    -0.8351     1.5213 101.794245  0.000e+00
  27.388595    33.6475    138.378    -0.8352     1.5286 101.794248  0.000e+00
  27.388964    33.6482    138.467    -0.8353     1.5250 101.794251  0.000e+00
  27.387699    33.6464    138.546    -0.8353     1.5341 101.794253  0.000e+00
  27.387330    33.6462    138.629    -0.8357     1.5561 101.794256  0.000e+00
  27.385960    33.6445    138.717    -0.8359     1.5598 101.794259  0.000e+00
  27.387542    33.6470    138.788    -0.8362     1.5616 101.794262  0.000e+00
  27.388227    33.6479    138.873    -0.8362     1.5689 101.794265  0.000e+00
  27.386224    33.6449    138.959    -0.8360     1.5561 101.794268  0.000e+00
  27.386119    33.6449    139.038    -0.8362     1.5634 101.794271  0.000e+00
  27.385434    33.6441    139.130    -0.8364     1.5524 101.794274  0.000e+00
  27.385856    33.6449    139.206    -0.8366     1.5671 101.794277  0.000e+00
  27.386120    33.6453    139.285    -0.8367     1.4774 101.794280  0.000e+00
  27.386331    33.6454    139.368    -0.8365     1.4700 101.794282  0.000e+00
  27.385751    33.6447    139.456    -0.8367     1.4737 101.794285  0.000e+00
  27.386595    33.6459    139.542    -0.8368     1.4682 101.794288  0.000e+00
  27.386859    33.6461    139.621    -0.8367     1.5341 101.794291  0.000e+00
  27.386121    33.6450    139.701    -0.8367     1.5305 101.794294  0.000e+00
  27.385963    33.6448    139.786    -0.8367     1.5360 101.794297  0.000e+00
  27.386016    33.6447    139.866    -0.8366     1.5360 101.794300  0.000e+00
  27.385594    33.6443    139.945    -0.8368     1.5360 101.794303  0.000e+00
  27.385595    33.6443    140.034    -0.8368     1.5323 101.794306  0.000e+00
  27.385753    33.6445    140.110    -0.8369     1.5268 101.794308  0.000e+00
  27.385859    33.6447    140.193    -0.8370     1.5341 101.794311  0.000e+00
  27.386122    33.6449    140.278    -0.8368     1.5286 101.794314  0.000e+00
  27.387177    33.6464    140.364    -0.8369     1.5360 101.794317  0.000e+00
  27.390182    33.6502    140.443    -0.8368     1.5250 101.794320  0.000e+00
  27.391605    33.6515    140.529    -0.8363     1.5268 101.794323  0.000e+00
  27.392501    33.6521    140.602    -0.8358     1.5286 101.794326  0.000e+00
  27.392871    33.6520    140.694    -0.8353     1.5012 101.794329  0.000e+00
  27.393293    33.6521    140.767    -0.8349     1.5085 101.794332  0.000e+00
  27.390921    33.6487    140.849    -0.8348     1.5048 101.794334  0.000e+00
  27.388970    33.6463    140.932    -0.8350     1.4902 101.794337  0.000e+00
  27.387389    33.6446    141.021    -0.8355     1.5360 101.794340  0.000e+00
  27.391238    33.6503    141.103    -0.8360     1.5360 101.794343  0.000e+00
  27.396035    33.6566    141.179    -0.8358     1.5360 101.794346  0.000e+00
  27.396035    33.6556    141.262    -0.8350     1.5250 101.794349  0.000e+00
  27.396404    33.6553    141.350    -0.8343     1.5543 101.794352  0.000e+00
  27.395139    33.6531    141.433    -0.8339     1.5726 101.794355  0.000e+00
  27.394981    33.6530    141.515    -0.8340     1.5579 101.794358  0.000e+00
  27.397459    33.6564    141.598    -0.8341     1.5561 101.794361  0.000e+00
  27.401888    33.6619    141.683    -0.8338     1.5506 101.794363  0.000e+00
  27.405421    33.6658    141.756    -0.8330     1.5250 101.794366  0.000e+00
  27.408110    33.6683    141.845    -0.8320     1.5323 101.794369  0.000e+00
  27.410219    33.6701    141.928    -0.8311     1.5305 101.794372  0.000e+00
  27.410219    33.6689    142.010    -0.8301     1.5231 101.794375  0.000e+00
  27.411379    33.6698    142.092    -0.8295     1.4993 101.794378  0.000e+00
  27.415703    33.6752    142.169    -0.8291     1.4993 101.794381  0.000e+00
  27.420871    33.6812    142.257    -0.8283     1.5012 101.794384  0.000e+00
  27.420344    33.6792    142.340    -0.8272     1.4993 101.794387  0.000e+00
  27.421241    33.6796    142.422    -0.8265     1.5250 101.794389  0.000e+00
  27.421926    33.6800    142.502    -0.8261     1.5360 101.794392  0.000e+00
  27.422612    33.6806    142.587    -0.8258     1.5323 101.794395  0.000e+00
  27.425777    33.6845    142.670    -0.8255     1.5305 101.794398  0.000e+00
  27.428308    33.6874    142.749    -0.8251     1.5396 101.794401  0.000e+00
  27.432950    33.6928    142.832    -0.8244     1.5451 101.794404  0.000e+00
  27.437170    33.6974    142.920    -0.8234     1.5323 101.794407  0.000e+00
  27.448722    33.7114    142.997    -0.8220     1.5231 101.794410  0.000e+00
