sandbox/dk/ctdTrim/SBE19plus_01906009_2019_04_11.cnv
* Sea-Bird SBE19plus  Data File:
* FileName = C:\Users\Marprod\Desktop\LIA 2019_CTD CASTS_SBD19PLUS\Casts (Original formats)\SBE19plus_01906009_2019_04_11.hex
* Software version 2.6.3.104
* Temperature SN = 6009
* Conductivity SN = 6009
* System UpLoad Time = Apr 11 2019 19:33:31
* <ApplicationData>
* <Seaterm232>
# nquan = 7
# nvalues = 7888                                  
# units = specified
# name 0 = c0mS/cm: Conductivity [mS/cm]
# name 1 = sal00: Salinity, Practical [PSU]
# name 2 = prdM: Pressure, Strain Gauge [db]
# name 3 = tv290C: Temperature [ITS-90, deg C]
# name 4 = flECO-AFL: Fluorescence, WET Labs ECO-AFL/FL [mg/m^3]
# name 5 = timeJ: Julian Days
# name 6 = flag:  0.000e+00
# span 0 =   0.537129,  27.621925                 
# span 1 =     0.4310,    33.8505                 
# span 2 =     -0.070,    147.436                 
# span 3 =    -1.6913,     4.5830                 
# span 4 =     1.2173,    23.7397                 
# span 5 = 101.780764, 101.803585                 
# span 6 = 0.0000e+00, 0.0000e+00                 
# interval = seconds: 0.25
# start_time = Apr 11 2019 18:44:18 [Instrument's time stamp, header]
# bad_flag = -9.990e-29
*END*
[from data line 7590]
  25.061853    31.4661     11.643    -1.6806     1.6623 101.802726  0.000e+00
  25.061496    31.4659     11.539    -1.6809     1.6586 101.802729  0.000e+00
  25.061343    31.4661     11.442    -1.6812     1.6733 101.802731  0.000e+00
  25.061496    31.4664     11.350    -1.6813     1.6733 101.802734  0.000e+00
  25.061342    31.4664     11.252    -1.6814     1.6733 101.802737  0.000e+00
  25.061495    31.4666     11.145    -1.6813     1.7099 101.802740  0.000e+00
  25.061495    31.4667     11.044    -1.6814     1.7008 101.802743  0.000e+00
  25.061188    31.4663     10.944    -1.6813     1.6989 101.802746  0.000e+00
  25.061341    31.4665     10.852    -1.6813     1.7008 101.802749  0.000e+00
  25.061188    31.4662     10.748    -1.6812     1.6898 101.802752  0.000e+00
  25.061341    31.4666     10.647    -1.6812     1.7008 101.802755  0.000e+00
  25.060983    31.4661     10.540    -1.6812     1.7008 101.802758  0.000e+00
  25.059810    31.4648     10.443    -1.6814     1.6989 101.802760  0.000e+00
  25.059656    31.4649     10.336    -1.6817     1.6971 101.802763  0.000e+00
  25.059809    31.4655     10.241    -1.6819     1.6751 101.802766  0.000e+00
  25.059809    31.4657     10.134    -1.6821     1.6769 101.802769  0.000e+00
  25.059809    31.4659     10.030    -1.6822     1.6696 101.802772  0.000e+00
  25.059655    31.4658      9.926    -1.6823     1.6696 101.802775  0.000e+00
  25.059502    31.4656      9.822    -1.6822     1.6934 101.802778  0.000e+00
  25.059145    31.4652      9.715    -1.6822     1.6971 101.802781  0.000e+00
  25.058787    31.4649      9.612    -1.6823     1.6934 101.802784  0.000e+00
  25.058634    31.4650      9.511    -1.6826     1.7154 101.802786  0.000e+00
  25.058277    31.4645      9.416    -1.6826     1.6348 101.802789  0.000e+00
  25.058276    31.4648      9.321    -1.6828     1.6257 101.802792  0.000e+00
  25.057970    31.4648      9.208    -1.6831     1.6165 101.802795  0.000e+00
  25.057613    31.4644      9.107    -1.6831     1.6110 101.802798  0.000e+00
  25.057255    31.4643      9.010    -1.6834     1.6055 101.802801  0.000e+00
  25.056949    31.4641      8.906    -1.6836     1.5872 101.802804  0.000e+00
  25.057102    31.4648      8.805    -1.6840     1.5799 101.802807  0.000e+00
  25.057459    31.4653      8.707    -1.6839     1.5598 101.802810  0.000e+00
  25.057254    31.4649      8.603    -1.6838     1.5707 101.802813  0.000e+00
  25.056948    31.4644      8.496    -1.6836     1.4938 101.802815  0.000e+00
  25.056744    31.4644      8.386    -1.6838     1.5048 101.802818  0.000e+00
  25.056743    31.4646      8.282    -1.6840     1.4883 101.802821  0.000e+00
  25.056437    31.4644      8.184    -1.6842     1.4883 101.802824  0.000e+00
  25.056437    31.4646      8.087    -1.6843     1.5122 101.802827  0.000e+00
  25.056436    31.4647      7.980    -1.6843     1.5030 101.802830  0.000e+00
  25.056079    31.4644      7.876    -1.6844     1.4188 101.802833  0.000e+00
  25.056079    31.4647      7.766    -1.6847     1.3931 101.802836  0.000e+00
  25.055926    31.4646      7.671    -1.6847     1.4261 101.802839  0.000e+00
  25.056078    31.4651      7.577    -1.6849     1.4334 101.802841  0.000e+00
  25.055925    31.4648      7.476    -1.6848     1.4316 101.802844  0.000e+00
  25.055925    31.4647      7.375    -1.6847     1.4243 101.802847  0.000e+00
  25.055925    31.4648      7.268    -1.6846     1.3382 101.802850  0.000e+00
  25.055924    31.4649      7.167    -1.6847     1.3400 101.802853  0.000e+00
  25.055771    31.4647      7.076    -1.6847     1.3272 101.802856  0.000e+00
  25.055771    31.4647      6.990    -1.6846     1.3400 101.802859  0.000e+00
  25.056077    31.4653      6.895    -1.6847     1.3968 101.802862  0.000e+00
  25.055923    31.4649      6.791    -1.6845     1.3968 101.802865  0.000e+00
  25.055923    31.4649      6.700    -1.6844     1.4023 101.802867  0.000e+00
  25.055566    31.4645      6.599    -1.6844     1.4078 101.802870  0.000e+00
  25.055413    31.4643      6.507    -1.6844     1.4023 101.802873  0.000e+00
  25.055259    31.4642      6.416    -1.6844     1.4059 101.802876  0.000e+00
  25.055565    31.4646      6.327    -1.6844     1.3968 101.802879  0.000e+00
  25.055769    31.4651      6.226    -1.6845     1.4023 101.802882  0.000e+00
  25.055565    31.4647      6.119    -1.6844     1.3895 101.802885  0.000e+00
  25.055411    31.4645      6.018    -1.6843     1.3968 101.802888  0.000e+00
  25.055615    31.4648      5.921    -1.6843     1.3986 101.802891  0.000e+00
  25.055411    31.4647      5.817    -1.6844     1.4096 101.802894  0.000e+00
  25.055411    31.4647      5.710    -1.6843     1.3986 101.802896  0.000e+00
  25.055410    31.4648      5.609    -1.6844     1.4005 101.802899  0.000e+00
  25.055257    31.4645      5.502    -1.6842     1.3876 101.802902  0.000e+00
  25.055053    31.4645      5.407    -1.6844     1.3913 101.802905  0.000e+00
  25.054899    31.4644      5.310    -1.6845     1.3895 101.802908  0.000e+00
  25.054746    31.4643      5.206    -1.6846     1.4334 101.802911  0.000e+00
  25.055052    31.4648      5.117    -1.6846     1.4224 101.802914  0.000e+00
  25.054899    31.4646      5.007    -1.6846     1.4261 101.802917  0.000e+00
  25.054899    31.4647      4.912    -1.6846     1.4279 101.802920  0.000e+00
  25.054745    31.4644      4.805    -1.6844     1.4005 101.802922  0.000e+00
  25.054745    31.4645      4.704    -1.6844     1.4023 101.802925  0.000e+00
  25.054745    31.4646      4.607    -1.6845     1.4023 101.802928  0.000e+00
  25.054744    31.4647      4.503    -1.6845     1.3931 101.802931  0.000e+00
  25.054540    31.4647      4.402    -1.6847     1.3950 101.802934  0.000e+00
  25.054387    31.4645      4.295    -1.6847     1.3986 101.802937  0.000e+00
  25.054029    31.4643      4.185    -1.6849     1.3950 101.802940  0.000e+00
  25.054233    31.4648      4.084    -1.6851     1.3876 101.802943  0.000e+00
  25.053876    31.4644      3.990    -1.6851     1.3474 101.802946  0.000e+00
  25.054233    31.4652      3.883    -1.6853     1.3437 101.802948  0.000e+00
  25.053824    31.4645      3.785    -1.6851     1.3455 101.802951  0.000e+00
  25.054028    31.4648      3.678    -1.6851     1.3400 101.802954  0.000e+00
  25.054385    31.4653      3.577    -1.6851     1.3437 101.802957  0.000e+00
  25.053875    31.4647      3.482    -1.6851     1.3675 101.802960  0.000e+00
  25.053721    31.4644      3.372    -1.6850     1.3657 101.802963  0.000e+00
  25.054027    31.4649      3.281    -1.6850     1.3638 101.802966  0.000e+00
  25.053721    31.4646      3.177    -1.6851     1.3638 101.802969  0.000e+00
  25.053721    31.4647      3.076    -1.6851     1.3419 101.802972  0.000e+00
  25.053363    31.4644      2.975    -1.6852     1.3419 101.802975  0.000e+00
  25.053363    31.4645      2.868    -1.6853     1.3492 101.802977  0.000e+00
  25.052853    31.4641      2.767    -1.6854     1.3364 101.802980  0.000e+00
  25.053056    31.4646      2.658    -1.6856     1.4023 101.802983  0.000e+00
  25.053056    31.4646      2.557    -1.6856     1.3986 101.802986  0.000e+00
  25.052852    31.4645      2.453    -1.6857     1.3913 101.802989  0.000e+00
  25.053209    31.4651      2.349    -1.6857     1.3986 101.802992  0.000e+00
  25.052851    31.4646      2.242    -1.6857     1.4407 101.802995  0.000e+00
  25.052851    31.4647      2.141    -1.6857     1.4298 101.802998  0.000e+00
  25.052851    31.4648      2.037    -1.6857     1.4224 101.803001  0.000e+00
  25.052341    31.4642      1.936    -1.6858     1.4334 101.803003  0.000e+00
  25.052187    31.4643      1.829    -1.6860     1.4316 101.803006  0.000e+00
  25.051677    31.4642      1.732    -1.6865     1.4243 101.803009  0.000e+00
  25.052034    31.4650      1.643    -1.6867     1.4169 101.803012  0.000e+00
  25.051676    31.4648      1.554    -1.6869     1.4371 101.803015  0.000e+00
  25.051829    31.4652      1.478    -1.6871     1.4188 101.803018  0.000e+00
  25.051829    31.4655      1.392    -1.6873     1.4041 101.803021  0.000e+00
  25.051676    31.4654      1.298    -1.6873     1.4023 101.803024  0.000e+00
  25.052033    31.4659      1.222    -1.6873     1.3986 101.803027  0.000e+00
  25.051829    31.4657      1.142    -1.6874     1.3986 101.803030  0.000e+00
  25.051828    31.4659      1.060    -1.6875     1.3785 101.803032  0.000e+00
  25.051828    31.4663      1.002    -1.6879     1.3712 101.803035  0.000e+00
  25.051828    31.4668      0.995    -1.6883     1.3748 101.803038  0.000e+00
  25.051828    31.4672      0.986    -1.6887     1.3675 101.803041  0.000e+00
  25.051828    31.4674      0.980    -1.6889     1.3950 101.803044  0.000e+00
  25.052185    31.4684      0.986    -1.6893     1.3986 101.803047  0.000e+00
  25.051828    31.4682      0.983    -1.6896     1.4023 101.803050  0.000e+00
  25.051522    31.4680      0.989    -1.6898     1.4041 101.803053  0.000e+00
  25.051675    31.4682      0.989    -1.6898     1.3437 101.803056  0.000e+00
  25.051675    31.4684      0.986    -1.6900     1.3364 101.803058  0.000e+00
  25.051522    31.4684      0.986    -1.6902     1.3382 101.803061  0.000e+00
  25.051522    31.4684      0.983    -1.6902     1.3437 101.803064  0.000e+00
  25.051675    31.4687      0.980    -1.6903     1.4298 101.803067  0.000e+00
  25.051828    31.4689      0.986    -1.6903     1.4261 101.803070  0.000e+00
  25.051879    31.4689      0.986    -1.6902     1.4316 101.803073  0.000e+00
  25.051828    31.4689      0.986    -1.6903     1.4243 101.803076  0.000e+00
  25.051675    31.4686      0.993    -1.6902     1.3950 101.803079  0.000e+00
  25.051675    31.4686      0.990    -1.6902     1.3986 101.803082  0.000e+00
  25.051522    31.4684      0.987    -1.6902     1.4059 101.803084  0.000e+00
  25.051522    31.4683      0.987    -1.6902     1.3986 101.803087  0.000e+00
  25.051318    31.4680      0.986    -1.6901     1.3968 101.803090  0.000e+00
  25.051522    31.4683      0.981    -1.6901     1.4023 101.803093  0.000e+00
  25.051165    31.4678      0.987    -1.6901     1.3950 101.803096  0.000e+00
  25.051522    31.4684      0.987    -1.6902     1.3950 101.803099  0.000e+00
  25.051675    31.4685      0.987    -1.6902     1.4096 101.803102  0.000e+00
  25.051828    31.4689      0.981    -1.6903     1.3968 101.803105  0.000e+00
  25.051828    31.4690      0.990    -1.6904     1.3968 101.803108  0.000e+00
  25.051828    31.4690      0.984    -1.6904     1.3950 101.803111  0.000e+00
  25.051828    31.4690      0.981    -1.6904     1.3950 101.803113  0.000e+00
  25.052032    31.4691      0.977    -1.6902     1.3712 101.803116  0.000e+00
  25.051828    31.4688      0.981    -1.6902     1.3675 101.803119  0.000e+00
  25.051828    31.4688      0.984    -1.6902     1.3785 101.803122  0.000e+00
  25.051828    31.4688      0.981    -1.6902     1.3712 101.803125  0.000e+00
  25.051522    31.4683      0.990    -1.6902     1.4023 101.803128  0.000e+00
  25.052033    31.4691      0.990    -1.6902     1.4059 101.803131  0.000e+00
  25.051879    31.4690      0.990    -1.6903     1.3986 101.803134  0.000e+00
  25.051675    31.4686      0.990    -1.6902     1.3950 101.803137  0.000e+00
  25.051828    31.4688      0.990    -1.6902     1.3748 101.803139  0.000e+00
  25.051675    31.4687      0.987    -1.6903     1.3712 101.803142  0.000e+00
  25.051675    31.4688      0.984    -1.6904     1.3602 101.803145  0.000e+00
  25.051675    31.4689      0.981    -1.6905     1.3657 101.803148  0.000e+00
  25.051675    31.4689      0.987    -1.6905     1.3437 101.803151  0.000e+00
  25.051675    31.4688      0.984    -1.6904     1.3950 101.803154  0.000e+00
  25.051828    31.4690      0.984    -1.6904     1.3876 101.803157  0.000e+00
  25.052033    31.4694      0.987    -1.6905     1.3913 101.803160  0.000e+00
  25.051828    31.4691      0.987    -1.6905     1.3950 101.803163  0.000e+00
  25.051828    31.4689      0.990    -1.6903     1.4279 101.803166  0.000e+00
  25.051675    31.4688      0.984    -1.6904     1.4316 101.803168  0.000e+00
  25.051828    31.4690      0.981    -1.6904     1.4298 101.803171  0.000e+00
  25.051828    31.4690      0.987    -1.6904     1.4261 101.803174  0.000e+00
  25.052033    31.4694      0.978    -1.6905     1.3986 101.803177  0.000e+00
  25.051828    31.4690      0.987    -1.6904     1.3986 101.803180  0.000e+00
  25.051828    31.4690      0.981    -1.6904     1.4059 101.803183  0.000e+00
  25.051675    31.4687      0.987    -1.6903     1.3986 101.803186  0.000e+00
  25.051522    31.4685      0.984    -1.6903     1.4609 101.803189  0.000e+00
  25.051675    31.4685      0.987    -1.6902     1.4609 101.803192  0.000e+00
  25.051726    31.4685      0.987    -1.6901     1.4499 101.803194  0.000e+00
  25.051828    31.4688      0.984    -1.6902     1.4499 101.803197  0.000e+00
  25.051828    31.4688      0.981    -1.6902     1.3620 101.803200  0.000e+00
  25.051522    31.4683      0.987    -1.6902     1.3565 101.803203  0.000e+00
  25.051828    31.4687      0.984    -1.6901     1.3602 101.803206  0.000e+00
  25.051675    31.4685      0.984    -1.6901     1.3712 101.803209  0.000e+00
  25.052032    31.4691      0.978    -1.6902     1.4206 101.803212  0.000e+00
  25.051675    31.4686      0.984    -1.6902     1.4371 101.803215  0.000e+00
  25.051675    31.4685      0.984    -1.6901     1.4224 101.803218  0.000e+00
  25.051522    31.4682      0.984    -1.6900     1.4279 101.803220  0.000e+00
  25.051522    31.4682      0.984    -1.6900     1.4261 101.803223  0.000e+00
  25.051828    31.4684      0.984    -1.6899     1.3492 101.803226  0.000e+00
  25.052032    31.4686      0.987    -1.6897     1.3400 101.803229  0.000e+00
  25.051675    31.4682      0.978    -1.6899     1.3400 101.803232  0.000e+00
  25.051675    31.4682      0.984    -1.6898     1.3474 101.803235  0.000e+00
  25.051675    31.4682      0.987    -1.6899     1.4059 101.803238  0.000e+00
  25.051828    31.4684      0.981    -1.6898     1.3968 101.803241  0.000e+00
  25.051675    31.4682      0.987    -1.6899     1.3986 101.803244  0.000e+00
  25.051522    31.4682      0.984    -1.6901     1.3950 101.803247  0.000e+00
  25.051675    31.4684      0.981    -1.6900     1.4023 101.803249  0.000e+00
  25.051675    31.4684      0.981    -1.6901     1.3913 101.803252  0.000e+00
  25.051726    31.4685      0.981    -1.6901     1.4023 101.803255  0.000e+00
  25.051522    31.4682      0.978    -1.6900     1.4005 101.803258  0.000e+00
  25.051522    31.4681      0.984    -1.6900     1.4371 101.803261  0.000e+00
  25.051675    31.4683      0.984    -1.6899     1.4334 101.803264  0.000e+00
  25.051318    31.4679      0.984    -1.6900     1.4261 101.803267  0.000e+00
  25.051522    31.4680      0.981    -1.6898     1.4261 101.803270  0.000e+00
  25.051675    31.4682      0.987    -1.6898     1.4005 101.803273  0.000e+00
  25.051318    31.4678      0.978    -1.6899     1.4005 101.803275  0.000e+00
  25.051012    31.4673      0.981    -1.6898     1.4005 101.803278  0.000e+00
  25.051165    31.4674      0.981    -1.6897     1.4005 101.803281  0.000e+00
  25.051318    31.4676      0.984    -1.6897     1.3803 101.803284  0.000e+00
  25.051675    31.4678      0.975    -1.6895     1.4151 101.803287  0.000e+00
  25.051522    31.4678      0.981    -1.6896     1.4206 101.803290  0.000e+00
  25.051318    31.4675      0.975    -1.6896     1.4261 101.803293  0.000e+00
  25.051165    31.4673      0.984    -1.6897     1.4243 101.803296  0.000e+00
  25.051318    31.4676      0.984    -1.6897     1.4224 101.803299  0.000e+00
  25.051165    31.4673      0.981    -1.6896     1.4334 101.803302  0.000e+00
  25.051318    31.4675      0.978    -1.6897     1.4243 101.803304  0.000e+00
  25.051522    31.4679      0.984    -1.6897     1.4334 101.803307  0.000e+00
  25.051828    31.4684      0.984    -1.6899     1.3638 101.803310  0.000e+00
  25.051522    31.4681      0.981    -1.6899     1.3748 101.803313  0.000e+00
