sandbox/dk/ctdTrim/SBE19plus_01906009_2019_04_11.cnv
* Sea-Bird SBE19plus  Data File:
* FileName = C:\Users\Marprod\Desktop\LIA 2019_CTD CASTS_SBD19PLUS\Casts (Original formats)\SBE19plus_01906009_2019_04_11.hex
* Software version 2.6.3.104
* Temperature SN = 6009
* Conductivity SN = 6009
* System UpLoad Time = Apr 11 2019 19:33:31
* <ApplicationData>
* <Seaterm232>
# nquan = 7
# nvalues = 7888                                  
# units = specified
# name 0 = c0mS/cm: Conductivity [mS/cm]
# name 1 = sal00: Salinity, Practical [PSU]
# name 2 = prdM: Pressure, Strain Gauge [db]
# name 3 = tv290C: Temperature [ITS-90, deg C]
# name 4 = flECO-AFL: Fluorescence, WET Labs ECO-AFL/FL [mg/m^3]
# name 5 = timeJ: Julian Days
# name 6 = flag:  0.000e+00
# span 0 =   0.537129,  27.621925                 
# span 1 =     0.4310,    33.8505                 
# span 2 =     -0.070,    147.436                 
# span 3 =    -1.6913,     4.5830                 
# span 4 =     1.2173,    23.7397                 
# span 5 = 101.780764, 101.803585                 
# span 6 = 0.0000e+00, 0.0000e+00                 
# interval = seconds: 0.25
# start_time = Apr 11 2019 18:44:18 [Instrument's time stamp, header]
# bad_flag = -9.990e-29
*END*
[from data line 6359]
  27.325436    33.5914    123.960    -0.8536     1.4609 101.799164  0.000e+00
  27.325647    33.5919    123.881    -0.8538     1.4609 101.799167  0.000e+00
  27.326331    33.5933    123.793    -0.8542     1.4005 101.799170  0.000e+00
  27.325067    33.5916    123.710    -0.8541     1.3986 101.799172  0.000e+00
  27.322276    33.5879    123.618    -0.8542     1.4023 101.799175  0.000e+00
  27.321749    33.5875    123.530    -0.8544     1.4078 101.799178  0.000e+00
  27.320485    33.5865    123.447    -0.8550     1.3913 101.799181  0.000e+00
  27.318694    33.5846    123.368    -0.8554     1.4023 101.799184  0.000e+00
  27.318957    33.5854    123.286    -0.8557     1.4078 101.799187  0.000e+00
  27.316956    33.5831    123.200    -0.8561     1.4005 101.799190  0.000e+00
  27.315376    33.5814    123.115    -0.8565     1.4041 101.799193  0.000e+00
  27.315007    33.5817    123.029    -0.8571     1.3950 101.799196  0.000e+00
  27.314322    33.5812    122.950    -0.8574     1.4023 101.799198  0.000e+00
  27.313427    33.5802    122.870    -0.8576     1.3986 101.799201  0.000e+00
  27.312373    33.5792    122.782    -0.8579     1.3913 101.799204  0.000e+00
  27.312110    33.5793    122.696    -0.8583     1.4590 101.799207  0.000e+00
  27.311846    33.5793    122.614    -0.8586     1.4682 101.799210  0.000e+00
  27.311320    33.5788    122.528    -0.8587     1.4499 101.799213  0.000e+00
  27.310582    33.5780    122.440    -0.8588     1.4554 101.799216  0.000e+00
  27.309687    33.5769    122.360    -0.8590     1.4334 101.799219  0.000e+00
  27.309529    33.5770    122.278    -0.8591     1.4206 101.799222  0.000e+00
  27.308844    33.5764    122.189    -0.8594     1.4261 101.799225  0.000e+00
  27.308212    33.5758    122.113    -0.8596     1.4334 101.799227  0.000e+00
  27.307053    33.5744    122.024    -0.8597     1.4627 101.799230  0.000e+00
  27.305632    33.5728    121.942    -0.8599     1.4572 101.799233  0.000e+00
  27.304947    33.5723    121.853    -0.8602     1.4572 101.799236  0.000e+00
  27.303736    33.5712    121.764    -0.8607     1.4627 101.799239  0.000e+00
  27.301419    33.5684    121.688    -0.8610     1.4371 101.799242  0.000e+00
  27.301050    33.5686    121.609    -0.8616     1.4279 101.799245  0.000e+00
  27.299997    33.5677    121.511    -0.8620     1.4243 101.799248  0.000e+00
  27.297522    33.5649    121.435    -0.8624     1.4298 101.799251  0.000e+00
  27.296627    33.5642    121.349    -0.8628     1.4188 101.799253  0.000e+00
  27.296469    33.5644    121.267    -0.8631     1.4645 101.799256  0.000e+00
  27.294047    33.5615    121.184    -0.8634     1.4572 101.799259  0.000e+00
  27.293310    33.5609    121.102    -0.8638     1.4554 101.799262  0.000e+00
  27.291520    33.5591    121.004    -0.8643     1.4517 101.799265  0.000e+00
  27.290362    33.5581    120.931    -0.8648     1.4645 101.799268  0.000e+00
  27.291362    33.5601    120.839    -0.8652     1.4536 101.799271  0.000e+00
  27.290308    33.5586    120.753    -0.8652     1.4554 101.799274  0.000e+00
  27.288150    33.5559    120.671    -0.8653     1.4572 101.799277  0.000e+00
  27.287992    33.5563    120.592    -0.8658     1.4023 101.799280  0.000e+00
  27.287149    33.5557    120.506    -0.8663     1.4096 101.799282  0.000e+00
  27.286044    33.5544    120.417    -0.8664     1.4005 101.799285  0.000e+00
  27.284991    33.5534    120.332    -0.8667     1.4005 101.799288  0.000e+00
  27.283780    33.5521    120.250    -0.8670     1.4536 101.799291  0.000e+00
  27.283780    33.5524    120.170    -0.8673     1.4609 101.799294  0.000e+00
  27.283674    33.5528    120.079    -0.8677     1.4700 101.799297  0.000e+00
  27.281148    33.5494    119.999    -0.8677     1.4536 101.799300  0.000e+00
  27.279358    33.5473    119.920    -0.8679     1.4279 101.799303  0.000e+00
  27.276884    33.5445    119.831    -0.8684     1.4261 101.799306  0.000e+00
  27.275884    33.5440    119.743    -0.8690     1.4334 101.799308  0.000e+00
  27.274778    33.5432    119.663    -0.8696     1.4243 101.799311  0.000e+00
  27.271620    33.5394    119.584    -0.8700     1.4169 101.799314  0.000e+00
  27.272725    33.5417    119.492    -0.8707     1.4298 101.799317  0.000e+00
  27.273357    33.5431    119.416    -0.8711     1.4298 101.799320  0.000e+00
  27.270883    33.5396    119.334    -0.8710     1.4261 101.799323  0.000e+00
  27.268830    33.5372    119.242    -0.8713     1.4352 101.799326  0.000e+00
  27.268251    33.5370    119.160    -0.8718     1.4572 101.799329  0.000e+00
  27.267041    33.5360    119.071    -0.8722     1.4609 101.799332  0.000e+00
  27.267356    33.5368    118.988    -0.8726     1.4554 101.799334  0.000e+00
  27.266409    33.5358    118.906    -0.8728     1.4590 101.799337  0.000e+00
  27.263514    33.5320    118.823    -0.8729     1.4298 101.799340  0.000e+00
  27.262462    33.5313    118.741    -0.8734     1.4407 101.799343  0.000e+00
  27.260462    33.5294    118.655    -0.8741     1.4352 101.799346  0.000e+00
  27.260883    33.5304    118.576    -0.8745     1.4407 101.799349  0.000e+00
  27.257673    33.5264    118.490    -0.8748     1.4298 101.799352  0.000e+00
  27.255831    33.5244    118.408    -0.8752     1.4334 101.799355  0.000e+00
  27.253989    33.5228    118.322    -0.8759     1.4316 101.799358  0.000e+00
  27.252937    33.5220    118.231    -0.8764     1.4352 101.799361  0.000e+00
  27.252568    33.5222    118.151    -0.8770     1.4096 101.799363  0.000e+00
  27.253252    33.5236    118.069    -0.8774     1.4041 101.799366  0.000e+00
  27.253094    33.5233    117.986    -0.8773     1.3986 101.799369  0.000e+00
  27.250621    33.5200    117.907    -0.8773     1.4059 101.799372  0.000e+00
  27.249884    33.5196    117.815    -0.8777     1.4188 101.799375  0.000e+00
  27.249568    33.5195    117.733    -0.8780     1.4371 101.799378  0.000e+00
  27.248884    33.5190    117.650    -0.8784     1.4334 101.799381  0.000e+00
  27.247148    33.5170    117.562    -0.8786     1.4316 101.799384  0.000e+00
  27.246411    33.5164    117.483    -0.8789     1.4371 101.799387  0.000e+00
  27.246411    33.5167    117.400    -0.8792     1.4243 101.799389  0.000e+00
  27.245463    33.5158    117.317    -0.8795     1.4243 101.799392  0.000e+00
  27.243622    33.5136    117.232    -0.8797     1.4407 101.799395  0.000e+00
  27.243411    33.5139    117.143    -0.8801     1.4279 101.799398  0.000e+00
  27.241833    33.5120    117.070    -0.8803     1.4517 101.799401  0.000e+00
  27.240255    33.5104    116.975    -0.8807     1.4536 101.799404  0.000e+00
  27.238834    33.5090    116.896    -0.8811     1.4609 101.799407  0.000e+00
  27.237098    33.5072    116.817    -0.8816     1.4664 101.799410  0.000e+00
  27.237676    33.5085    116.731    -0.8821     1.4261 101.799413  0.000e+00
  27.234257    33.5042    116.649    -0.8823     1.4352 101.799416  0.000e+00
  27.233363    33.5036    116.560    -0.8828     1.4298 101.799418  0.000e+00
  27.232836    33.5034    116.481    -0.8832     1.4334 101.799421  0.000e+00
  27.231469    33.5021    116.395    -0.8836     1.4536 101.799424  0.000e+00
  27.230574    33.5013    116.307    -0.8840     1.4554 101.799427  0.000e+00
  27.228575    33.4990    116.230    -0.8843     1.4590 101.799430  0.000e+00
  27.225630    33.4955    116.144    -0.8847     1.4536 101.799433  0.000e+00
  27.226366    33.4973    116.065    -0.8854     1.4334 101.799436  0.000e+00
  27.226366    33.4978    115.980    -0.8858     1.4298 101.799439  0.000e+00
  27.224577    33.4956    115.891    -0.8859     1.4371 101.799442  0.000e+00
  27.220001    33.4898    115.806    -0.8862     1.4298 101.799444  0.000e+00
  27.216688    33.4862    115.726    -0.8870     1.4298 101.799447  0.000e+00
  27.214690    33.4847    115.638    -0.8881     1.4554 101.799450  0.000e+00
  27.214216    33.4851    115.549    -0.8890     1.4627 101.799453  0.000e+00
  27.211061    33.4816    115.470    -0.8896     1.4590 101.799456  0.000e+00
  27.210430    33.4815    115.387    -0.8902     1.4609 101.799459  0.000e+00
  27.208221    33.4792    115.299    -0.8908     1.4590 101.799462  0.000e+00
  27.200334    33.4694    115.216    -0.8916     1.4572 101.799465  0.000e+00
  27.195812    33.4648    115.134    -0.8929     1.4554 101.799468  0.000e+00
  27.188189    33.4563    115.042    -0.8945     1.4554 101.799470  0.000e+00
  27.187663    33.4578    114.963    -0.8965     1.4536 101.799473  0.000e+00
  27.189924    33.4626    114.889    -0.8980     1.4609 101.799476  0.000e+00
  27.181197    33.4512    114.795    -0.8983     1.4590 101.799479  0.000e+00
  27.175731    33.4451    114.715    -0.8994     1.4609 101.799482  0.000e+00
  27.172735    33.4429    114.627    -0.9011     1.4334 101.799485  0.000e+00
  27.170475    33.4416    114.550    -0.9026     1.4261 101.799488  0.000e+00
  27.165219    33.4357    114.471    -0.9037     1.4426 101.799491  0.000e+00
  27.164431    33.4362    114.382    -0.9051     1.4444 101.799494  0.000e+00
  27.161698    33.4336    114.297    -0.9060     1.4572 101.799497  0.000e+00
  27.160437    33.4328    114.214    -0.9068     1.4627 101.799499  0.000e+00
  27.157231    33.4293    114.135    -0.9075     1.4517 101.799502  0.000e+00
  27.156233    33.4287    114.050    -0.9081     1.4627 101.799505  0.000e+00
  27.154131    33.4269    113.961    -0.9090     1.4572 101.799508  0.000e+00
  27.152975    33.4260    113.885    -0.9096     1.4572 101.799511  0.000e+00
  27.152029    33.4254    113.805    -0.9101     1.4499 101.799514  0.000e+00
  27.152396    33.4264    113.720    -0.9105     1.4572 101.799517  0.000e+00
  27.151871    33.4258    113.643    -0.9107     1.4700 101.799520  0.000e+00
  27.150977    33.4246    113.555    -0.9106     1.4279 101.799523  0.000e+00
  27.150294    33.4241    113.478    -0.9109     1.4261 101.799525  0.000e+00
  27.150031    33.4239    113.393    -0.9111     1.4298 101.799528  0.000e+00
  27.149768    33.4239    113.310    -0.9113     1.4261 101.799531  0.000e+00
  27.147456    33.4209    113.225    -0.9114     1.4059 101.799534  0.000e+00
  27.146300    33.4199    113.139    -0.9118     1.3986 101.799537  0.000e+00
  27.145565    33.4196    113.054    -0.9124     1.4078 101.799540  0.000e+00
  27.144146    33.4181    112.975    -0.9128     1.4041 101.799543  0.000e+00
  27.143568    33.4177    112.889    -0.9131     1.4371 101.799546  0.000e+00
  27.143620    33.4182    112.804    -0.9134     1.4261 101.799549  0.000e+00
  27.142937    33.4176    112.718    -0.9136     1.4316 101.799552  0.000e+00
  27.141676    33.4162    112.633    -0.9138     1.4279 101.799554  0.000e+00
  27.141518    33.4163    112.556    -0.9141     1.4627 101.799557  0.000e+00
  27.141360    33.4167    112.471    -0.9146     1.4517 101.799560  0.000e+00
  27.140782    33.4160    112.388    -0.9147     1.4609 101.799563  0.000e+00
  27.140099    33.4152    112.309    -0.9147     1.4572 101.799566  0.000e+00
  27.139258    33.4144    112.233    -0.9150     1.4298 101.799569  0.000e+00
  27.139468    33.4149    112.144    -0.9151     1.4243 101.799572  0.000e+00
  27.139415    33.4149    112.052    -0.9151     1.4334 101.799575  0.000e+00
  27.139048    33.4144    111.976    -0.9151     1.4371 101.799578  0.000e+00
  27.138942    33.4145    111.893    -0.9152     1.4133 101.799580  0.000e+00
  27.138890    33.4146    111.805    -0.9154     1.4627 101.799583  0.000e+00
  27.137839    33.4132    111.720    -0.9154     1.4700 101.799586  0.000e+00
  27.137628    33.4132    111.637    -0.9156     1.4627 101.799589  0.000e+00
  27.137838    33.4136    111.558    -0.9156     1.4590 101.799592  0.000e+00
  27.137470    33.4132    111.475    -0.9157     1.4352 101.799595  0.000e+00
  27.137470    33.4133    111.390    -0.9157     1.4352 101.799598  0.000e+00
  27.137470    33.4135    111.304    -0.9158     1.4316 101.799601  0.000e+00
  27.137312    33.4132    111.228    -0.9158     1.4261 101.799604  0.000e+00
  27.136892    33.4127    111.139    -0.9157     1.4078 101.799606  0.000e+00
  27.136419    33.4121    111.057    -0.9158     1.3968 101.799609  0.000e+00
  27.136418    33.4124    110.980    -0.9160     1.4041 101.799612  0.000e+00
  27.136366    33.4124    110.901    -0.9160     1.4023 101.799615  0.000e+00
  27.135893    33.4120    110.822    -0.9161     1.3821 101.799618  0.000e+00
  27.136575    33.4130    110.733    -0.9162     1.3712 101.799621  0.000e+00
  27.136733    33.4131    110.651    -0.9160     1.3748 101.799624  0.000e+00
  27.136943    33.4135    110.565    -0.9161     1.3748 101.799627  0.000e+00
  27.136417    33.4129    110.486    -0.9162     1.4279 101.799630  0.000e+00
  27.136364    33.4129    110.400    -0.9162     1.4371 101.799633  0.000e+00
  27.136049    33.4126    110.321    -0.9162     1.4298 101.799635  0.000e+00
  27.136259    33.4131    110.235    -0.9163     1.4298 101.799638  0.000e+00
  27.136364    33.4131    110.147    -0.9162     1.4645 101.799641  0.000e+00
  27.136258    33.4129    110.067    -0.9161     1.4572 101.799644  0.000e+00
  27.135523    33.4120    109.979    -0.9161     1.4536 101.799647  0.000e+00
  27.135417    33.4119    109.896    -0.9162     1.4627 101.799650  0.000e+00
  27.135522    33.4123    109.808    -0.9163     1.4572 101.799653  0.000e+00
  27.134997    33.4117    109.728    -0.9164     1.4352 101.799656  0.000e+00
  27.135417    33.4125    109.643    -0.9165     1.4334 101.799659  0.000e+00
  27.134996    33.4119    109.554    -0.9165     1.4298 101.799661  0.000e+00
  27.134996    33.4120    109.469    -0.9165     1.4188 101.799664  0.000e+00
  27.134471    33.4112    109.383    -0.9164     1.4371 101.799667  0.000e+00
  27.134681    33.4116    109.301    -0.9165     1.4261 101.799670  0.000e+00
  27.134313    33.4113    109.215    -0.9166     1.4371 101.799673  0.000e+00
  27.134312    33.4114    109.130    -0.9166     1.4334 101.799676  0.000e+00
  27.134470    33.4118    109.041    -0.9168     1.4224 101.799679  0.000e+00
  27.133734    33.4108    108.949    -0.9167     1.4261 101.799682  0.000e+00
  27.133944    33.4113    108.873    -0.9169     1.4407 101.799685  0.000e+00
  27.133261    33.4104    108.784    -0.9168     1.4298 101.799688  0.000e+00
  27.133208    33.4105    108.705    -0.9169     1.4005 101.799690  0.000e+00
  27.133786    33.4112    108.613    -0.9168     1.3986 101.799693  0.000e+00
  27.133628    33.4110    108.528    -0.9168     1.4114 101.799696  0.000e+00
  27.132997    33.4101    108.455    -0.9167     1.3986 101.799699  0.000e+00
  27.132892    33.4102    108.375    -0.9168     1.4536 101.799702  0.000e+00
  27.132577    33.4100    108.296    -0.9170     1.4609 101.799705  0.000e+00
  27.132472    33.4100    108.213    -0.9171     1.4700 101.799708  0.000e+00
  27.132576    33.4103    108.131    -0.9172     1.4609 101.799711  0.000e+00
  27.131841    33.4095    108.051    -0.9173     1.4536 101.799714  0.000e+00
  27.131368    33.4089    107.966    -0.9173     1.4078 101.799716  0.000e+00
  27.131315    33.4090    107.887    -0.9175     1.3950 101.799719  0.000e+00
  27.131157    33.4090    107.804    -0.9176     1.4005 101.799722  0.000e+00
  27.130632    33.4085    107.725    -0.9177     1.4059 101.799725  0.000e+00
  27.130264    33.4080    107.642    -0.9177     1.4206 101.799728  0.000e+00
  27.130474    33.4085    107.551    -0.9178     1.4389 101.799731  0.000e+00
  27.130263    33.4083    107.465    -0.9178     1.4334 101.799734  0.000e+00
  27.129948    33.4079    107.380    -0.9179     1.4279 101.799737  0.000e+00
  27.129738    33.4078    107.303    -0.9180     1.4389 101.799740  0.000e+00
  27.129160    33.4073    107.221    -0.9181     1.4334 101.799742  0.000e+00
  27.129212    33.4075    107.126    -0.9182     1.4298 101.799745  0.000e+00
  27.128897    33.4072    107.041    -0.9183     1.4334 101.799748  0.000e+00
  27.128791    33.4072    106.961    -0.9184     1.4627 101.799751  0.000e+00
  27.128686    33.4070    106.873    -0.9183     1.4609 101.799754  0.000e+00
