sandbox/dk/ctdTrim/SBE19plus_01906009_2019_04_11.cnv
* Sea-Bird SBE19plus  Data File:
* FileName = C:\Users\Marprod\Desktop\LIA 2019_CTD CASTS_SBD19PLUS\Casts (Original formats)\SBE19plus_01906009_2019_04_11.hex
* Software version 2.6.3.104
* Temperature SN = 6009
* Conductivity SN = 6009
* System UpLoad Time = Apr 11 2019 19:33:31
* <ApplicationData>
* <Seaterm232>
# nquan = 7
# nvalues = 7888                                  
# units = specified
# name 0 = c0mS/cm: Conductivity [mS/cm]
# name 1 = sal00: Salinity, Practical [PSU]
# name 2 = prdM: Pressure, Strain Gauge [db]
# name 3 = tv290C: Temperature [ITS-90, deg C]
# name 4 = flECO-AFL: Fluorescence, WET Labs ECO-AFL/FL [mg/m^3]
# name 5 = timeJ: Julian Days
# name 6 = flag:  0.000e+00
# span 0 =   0.537129,  27.621925                 
# span 1 =     0.4310,    33.8505                 
# span 2 =     -0.070,    147.436                 
# span 3 =    -1.6913,     4.5830                 
# span 4 =     1.2173,    23.7397                 
# span 5 = 101.780764, 101.803585                 
# span 6 = 0.0000e+00, 0.0000e+00                 
# interval = seconds: 0.25
# start_time = Apr 11 2019 18:44:18 [Instrument's time stamp, header]
# bad_flag = -9.990e-29
*END*
[from data line 5334]
  27.587395    33.8429    147.425    -0.7743     1.3986 101.796198  0.000e+00
  27.587183    33.8423    147.422    -0.7740     1.3931 101.796201  0.000e+00
  27.587183    33.8423    147.422    -0.7740     1.3950 101.796204  0.000e+00
  27.587395    33.8425    147.425    -0.7739     1.3950 101.796207  0.000e+00
  27.587553    33.8427    147.425    -0.7739     1.3858 101.796209  0.000e+00
  27.587553    33.8423    147.422    -0.7735     1.3913 101.796212  0.000e+00
  27.587764    33.8425    147.419    -0.7734     1.3840 101.796215  0.000e+00
  27.587553    33.8425    147.425    -0.7737     1.3876 101.796218  0.000e+00
  27.588082    33.8436    147.425    -0.7741     1.3950 101.796221  0.000e+00
  27.587765    33.8434    147.425    -0.7743     1.3986 101.796224  0.000e+00
  27.587976    33.8432    147.428    -0.7738     1.3876 101.796227  0.000e+00
  27.587553    33.8424    147.428    -0.7736     1.4151 101.796230  0.000e+00
  27.587764    33.8422    147.428    -0.7732     1.4334 101.796233  0.000e+00
  27.587394    33.8415    147.419    -0.7730     1.4169 101.796236  0.000e+00
  27.587553    33.8421    147.428    -0.7734     1.4188 101.796238  0.000e+00
  27.587395    33.8424    147.425    -0.7738     1.3968 101.796241  0.000e+00
  27.587765    33.8432    147.425    -0.7741     1.3895 101.796244  0.000e+00
  27.587923    33.8434    147.422    -0.7740     1.3968 101.796247  0.000e+00
  27.587923    33.8428    147.422    -0.7736     1.3876 101.796250  0.000e+00
  27.588716    33.8434    147.422    -0.7731     1.4188 101.796253  0.000e+00
  27.588082    33.8421    147.425    -0.7728     1.4224 101.796256  0.000e+00
  27.588293    33.8420    147.425    -0.7724     1.4224 101.796259  0.000e+00
  27.588452    33.8425    147.432    -0.7726     1.4188 101.796262  0.000e+00
  27.588452    33.8436    147.432    -0.7736     1.4188 101.796264  0.000e+00
  27.588346    33.8447    147.425    -0.7747     1.4261 101.796267  0.000e+00
  27.588082    33.8454    147.425    -0.7757     1.4206 101.796270  0.000e+00
  27.587923    33.8454    147.428    -0.7759     1.4224 101.796273  0.000e+00
  27.588293    33.8450    147.419    -0.7751     1.4041 101.796276  0.000e+00
  27.588663    33.8446    147.423    -0.7743     1.3858 101.796279  0.000e+00
  27.588716    33.8440    147.419    -0.7737     1.3803 101.796282  0.000e+00
  27.588822    33.8443    147.426    -0.7738     1.3986 101.796285  0.000e+00
  27.588822    33.8442    147.426    -0.7737     1.3913 101.796288  0.000e+00
  27.588822    33.8442    147.429    -0.7737     1.4023 101.796291  0.000e+00
  27.588663    33.8438    147.423    -0.7736     1.3986 101.796293  0.000e+00
  27.588716    33.8434    147.426    -0.7732     1.3858 101.796296  0.000e+00
  27.588663    33.8432    147.426    -0.7730     1.3931 101.796299  0.000e+00
  27.588452    33.8430    147.423    -0.7731     1.3950 101.796302  0.000e+00
  27.588822    33.8436    147.429    -0.7732     1.3950 101.796305  0.000e+00
  27.588663    33.8433    147.423    -0.7731     1.3931 101.796308  0.000e+00
  27.589244    33.8440    147.425    -0.7730     1.3767 101.796311  0.000e+00
  27.588980    33.8436    147.428    -0.7730     1.4059 101.796314  0.000e+00
  27.588663    33.8430    147.422    -0.7728     1.3950 101.796317  0.000e+00
  27.588663    33.8427    147.425    -0.7726     1.3986 101.796319  0.000e+00
  27.588293    33.8425    147.425    -0.7728     1.3931 101.796322  0.000e+00
  27.588504    33.8429    147.435    -0.7729     1.4224 101.796325  0.000e+00
  27.588082    33.8425    147.425    -0.7731     1.4261 101.796328  0.000e+00
  27.588452    33.8434    147.432    -0.7735     1.4279 101.796331  0.000e+00
  27.588663    33.8438    147.422    -0.7736     1.4224 101.796334  0.000e+00
  27.588875    33.8443    147.428    -0.7738     1.3913 101.796337  0.000e+00
  27.588293    33.8435    147.429    -0.7737     1.3876 101.796340  0.000e+00
  27.588452    33.8438    147.423    -0.7738     1.3803 101.796343  0.000e+00
  27.588293    33.8435    147.419    -0.7737     1.4059 101.796345  0.000e+00
  27.588452    33.8440    147.425    -0.7739     1.3986 101.796348  0.000e+00
  27.588716    33.8445    147.429    -0.7741     1.4224 101.796351  0.000e+00
  27.588822    33.8440    147.423    -0.7735     1.4224 101.796354  0.000e+00
  27.588822    33.8435    147.432    -0.7731     1.4096 101.796357  0.000e+00
  27.588980    33.8436    147.429    -0.7730     1.4151 101.796360  0.000e+00
  27.589350    33.8441    147.429    -0.7730     1.3565 101.796363  0.000e+00
  27.588716    33.8434    147.426    -0.7732     1.3675 101.796366  0.000e+00
  27.588822    33.8435    147.423    -0.7731     1.3712 101.796369  0.000e+00
  27.588663    33.8436    147.420    -0.7734     1.3675 101.796372  0.000e+00
  27.588293    33.8438    147.423    -0.7740     1.3638 101.796374  0.000e+00
  27.588082    33.8441    147.420    -0.7745     1.3602 101.796377  0.000e+00
  27.588346    33.8449    147.423    -0.7749     1.3675 101.796380  0.000e+00
  27.588082    33.8447    147.426    -0.7750     1.3657 101.796383  0.000e+00
  27.587923    33.8444    147.417    -0.7750     1.3895 101.796386  0.000e+00
  27.588082    33.8446    147.420    -0.7750     1.3895 101.796389  0.000e+00
  27.588082    33.8448    147.426    -0.7751     1.3876 101.796392  0.000e+00
  27.587553    33.8444    147.429    -0.7754     1.3950 101.796395  0.000e+00
  27.587923    33.8450    147.432    -0.7755     1.3986 101.796398  0.000e+00
  27.588663    33.8459    147.429    -0.7754     1.3950 101.796400  0.000e+00
  27.588452    33.8452    147.423    -0.7751     1.3931 101.796403  0.000e+00
  27.588716    33.8451    147.426    -0.7747     1.4041 101.796406  0.000e+00
  27.588663    33.8444    147.417    -0.7741     1.3821 101.796409  0.000e+00
  27.588293    33.8440    147.420    -0.7741     1.4261 101.796412  0.000e+00
  27.588663    33.8448    147.423    -0.7744     1.4261 101.796415  0.000e+00
  27.588663    33.8451    147.420    -0.7747     1.4151 101.796418  0.000e+00
  27.588875    33.8453    147.423    -0.7746     1.4206 101.796421  0.000e+00
  27.589192    33.8454    147.426    -0.7743     1.3950 101.796424  0.000e+00
  27.588822    33.8446    147.426    -0.7741     1.3858 101.796427  0.000e+00
  27.588980    33.8447    147.426    -0.7740     1.3950 101.796429  0.000e+00
  27.588822    33.8446    147.414    -0.7741     1.3876 101.796432  0.000e+00
  27.588875    33.8451    147.420    -0.7744     1.4462 101.796435  0.000e+00
  27.588663    33.8450    147.423    -0.7746     1.4481 101.796438  0.000e+00
  27.588822    33.8450    147.426    -0.7744     1.4554 101.796441  0.000e+00
  27.588822    33.8448    147.423    -0.7742     1.4572 101.796444  0.000e+00
  27.589350    33.8453    147.423    -0.7740     1.3931 101.796447  0.000e+00
  27.589086    33.8444    147.420    -0.7736     1.3950 101.796450  0.000e+00
  27.589350    33.8443    147.426    -0.7732     1.3968 101.796453  0.000e+00
  27.589350    33.8441    147.429    -0.7729     1.3986 101.796455  0.000e+00
  27.589192    33.8437    147.423    -0.7728     1.3913 101.796458  0.000e+00
  27.588822    33.8431    147.423    -0.7728     1.3968 101.796461  0.000e+00
  27.589086    33.8437    147.426    -0.7729     1.3968 101.796464  0.000e+00
  27.588822    33.8434    147.426    -0.7730     1.3858 101.796467  0.000e+00
  27.589192    33.8439    147.423    -0.7730     1.3876 101.796470  0.000e+00
  27.588980    33.8437    147.423    -0.7730     1.3876 101.796473  0.000e+00
  27.589192    33.8438    147.426    -0.7729     1.3840 101.796476  0.000e+00
  27.589456    33.8442    147.423    -0.7730     1.3913 101.796479  0.000e+00
  27.588980    33.8436    147.417    -0.7730     1.3931 101.796481  0.000e+00
  27.589350    33.8443    147.423    -0.7731     1.4279 101.796484  0.000e+00
  27.589350    33.8444    147.426    -0.7733     1.4316 101.796487  0.000e+00
  27.589244    33.8448    147.426    -0.7737     1.4279 101.796490  0.000e+00
  27.589509    33.8454    147.420    -0.7739     1.4243 101.796493  0.000e+00
  27.589509    33.8451    147.426    -0.7737     1.3876 101.796496  0.000e+00
  27.588980    33.8441    147.426    -0.7734     1.3968 101.796499  0.000e+00
  27.589350    33.8443    147.426    -0.7732     1.3895 101.796502  0.000e+00
  27.589086    33.8441    147.423    -0.7733     1.3950 101.796505  0.000e+00
  27.589350    33.8449    147.423    -0.7737     1.4023 101.796508  0.000e+00
  27.589350    33.8448    147.423    -0.7736     1.3821 101.796510  0.000e+00
  27.589350    33.8444    147.423    -0.7732     1.3968 101.796513  0.000e+00
  27.589192    33.8440    147.432    -0.7731     1.3950 101.796516  0.000e+00
  27.589244    33.8443    147.426    -0.7732     1.4224 101.796519  0.000e+00
  27.589350    33.8445    147.429    -0.7733     1.4224 101.796522  0.000e+00
  27.589192    33.8450    147.423    -0.7740     1.4224 101.796525  0.000e+00
  27.588980    33.8451    147.423    -0.7743     1.4224 101.796528  0.000e+00
  27.588980    33.8450    147.420    -0.7742     1.3821 101.796531  0.000e+00
  27.589667    33.8456    147.417    -0.7739     1.3876 101.796534  0.000e+00
  27.590090    33.8456    147.426    -0.7734     1.3895 101.796536  0.000e+00
  27.590090    33.8453    147.420    -0.7731     1.3950 101.796539  0.000e+00
  27.589879    33.8450    147.420    -0.7731     1.3712 101.796542  0.000e+00
  27.589879    33.8452    147.426    -0.7733     1.4426 101.796545  0.000e+00
  27.589667    33.8450    147.423    -0.7734     1.4499 101.796548  0.000e+00
  27.589720    33.8449    147.426    -0.7732     1.4590 101.796551  0.000e+00
  27.589720    33.8447    147.423    -0.7730     1.4499 101.796554  0.000e+00
  27.589720    33.8446    147.423    -0.7730     1.4261 101.796557  0.000e+00
  27.589509    33.8442    147.423    -0.7729     1.4096 101.796560  0.000e+00
  27.589667    33.8445    147.426    -0.7730     1.4188 101.796562  0.000e+00
  27.589192    33.8442    147.423    -0.7732     1.4261 101.796565  0.000e+00
  27.588980    33.8438    147.429    -0.7732     1.3968 101.796568  0.000e+00
  27.589350    33.8447    147.417    -0.7735     1.3913 101.796571  0.000e+00
  27.589456    33.8448    147.423    -0.7735     1.3950 101.796574  0.000e+00
  27.589350    33.8447    147.423    -0.7736     1.3950 101.796577  0.000e+00
  27.589350    33.8447    147.420    -0.7736     1.3950 101.796580  0.000e+00
  27.589509    33.8448    147.423    -0.7734     1.3950 101.796583  0.000e+00
  27.589192    33.8440    147.423    -0.7731     1.3931 101.796586  0.000e+00
  27.589456    33.8442    147.423    -0.7730     1.3840 101.796589  0.000e+00
  27.588822    33.8432    147.423    -0.7728     1.4188 101.796591  0.000e+00
  27.589192    33.8436    147.423    -0.7727     1.4188 101.796594  0.000e+00
  27.589720    33.8443    147.429    -0.7727     1.4298 101.796597  0.000e+00
  27.589192    33.8436    147.423    -0.7728     1.4114 101.796600  0.000e+00
  27.589244    33.8438    147.420    -0.7728     1.4243 101.796603  0.000e+00
  27.589350    33.8441    147.429    -0.7729     1.4224 101.796606  0.000e+00
  27.588980    33.8440    147.429    -0.7733     1.4279 101.796609  0.000e+00
  27.589350    33.8444    147.426    -0.7733     1.4298 101.796612  0.000e+00
  27.589350    33.8443    147.426    -0.7732     1.4243 101.796615  0.000e+00
  27.589456    33.8444    147.429    -0.7731     1.4188 101.796617  0.000e+00
  27.589192    33.8440    147.426    -0.7731     1.4188 101.796620  0.000e+00
  27.589350    33.8440    147.429    -0.7728     1.4169 101.796623  0.000e+00
  27.588980    33.8435    147.420    -0.7728     1.4279 101.796626  0.000e+00
  27.588822    33.8433    147.426    -0.7729     1.4023 101.796629  0.000e+00
  27.589456    33.8442    147.423    -0.7730     1.4059 101.796632  0.000e+00
  27.589509    33.8442    147.423    -0.7729     1.3895 101.796635  0.000e+00
  27.589192    33.8439    147.426    -0.7730     1.3950 101.796638  0.000e+00
  27.589509    33.8443    147.426    -0.7730     1.3657 101.796641  0.000e+00
  27.589086    33.8440    147.426    -0.7732     1.3675 101.796644  0.000e+00
  27.589350    33.8447    147.423    -0.7735     1.3712 101.796646  0.000e+00
  27.589350    33.8447    147.429    -0.7736     1.3602 101.796649  0.000e+00
  27.589509    33.8448    147.429    -0.7734     1.4243 101.796652  0.000e+00
  27.589350    33.8445    147.426    -0.7733     1.4224 101.796655  0.000e+00
  27.589667    33.8449    147.423    -0.7733     1.4188 101.796658  0.000e+00
  27.589720    33.8453    147.423    -0.7736     1.4316 101.796661  0.000e+00
  27.589509    33.8445    147.423    -0.7732     1.4298 101.796664  0.000e+00
  27.589720    33.8446    147.423    -0.7729     1.4298 101.796667  0.000e+00
  27.589509    33.8439    147.426    -0.7726     1.4316 101.796670  0.000e+00
  27.589456    33.8440    147.420    -0.7727     1.4298 101.796672  0.000e+00
  27.589509    33.8441    147.420    -0.7728     1.4133 101.796675  0.000e+00
  27.589879    33.8445    147.420    -0.7727     1.3986 101.796678  0.000e+00
  27.589350    33.8438    147.423    -0.7727     1.3913 101.796681  0.000e+00
  27.589720    33.8442    147.429    -0.7726     1.3858 101.796684  0.000e+00
  27.589667    33.8441    147.432    -0.7726     1.3968 101.796687  0.000e+00
  27.589720    33.8443    147.426    -0.7727     1.4224 101.796690  0.000e+00
  27.589509    33.8439    147.420    -0.7726     1.4243 101.796693  0.000e+00
  27.589192    33.8435    147.432    -0.7726     1.4151 101.796696  0.000e+00
  27.589509    33.8440    147.426    -0.7727     1.4151 101.796698  0.000e+00
  27.589667    33.8442    147.426    -0.7727     1.4224 101.796701  0.000e+00
  27.589509    33.8438    147.423    -0.7725     1.4224 101.796704  0.000e+00
  27.589720    33.8442    147.426    -0.7726     1.4188 101.796707  0.000e+00
  27.589509    33.8439    147.426    -0.7726     1.4206 101.796710  0.000e+00
  27.589509    33.8440    147.429    -0.7727     1.3913 101.796713  0.000e+00
  27.589667    33.8441    147.420    -0.7726     1.3785 101.796716  0.000e+00
  27.589509    33.8440    147.420    -0.7727     1.3931 101.796719  0.000e+00
  27.589350    33.8436    147.420    -0.7725     1.3876 101.796722  0.000e+00
  27.589350    33.8438    147.423    -0.7727     1.3950 101.796725  0.000e+00
  27.589244    33.8437    147.423    -0.7728     1.3895 101.796727  0.000e+00
  27.588980    33.8437    147.420    -0.7730     1.4023 101.796730  0.000e+00
  27.589350    33.8444    147.423    -0.7732     1.3821 101.796733  0.000e+00
  27.589350    33.8443    147.423    -0.7732     1.4133 101.796736  0.000e+00
  27.589350    33.8441    147.423    -0.7730     1.4243 101.796739  0.000e+00
  27.589244    33.8438    147.426    -0.7728     1.4261 101.796742  0.000e+00
  27.589350    33.8439    147.417    -0.7728     1.4261 101.796745  0.000e+00
  27.589720    33.8443    147.423    -0.7727     1.4206 101.796748  0.000e+00
  27.589509    33.8440    147.423    -0.7727     1.3638 101.796751  0.000e+00
  27.589350    33.8438    147.429    -0.7727     1.3583 101.796753  0.000e+00
  27.589456    33.8440    147.420    -0.7728     1.3638 101.796756  0.000e+00
  27.589350    33.8439    147.423    -0.7728     1.3657 101.796759  0.000e+00
  27.589350    33.8440    147.423    -0.7728     1.4188 101.796762  0.000e+00
  27.589192    33.8436    147.417    -0.7728     1.4334 101.796765  0.000e+00
  27.589192    33.8437    147.426    -0.7728     1.4206 101.796768  0.000e+00
  27.589244    33.8442    147.429    -0.7732     1.4298 101.796771  0.000e+00
  27.589192    33.8441    147.420    -0.7732     1.3986 101.796774  0.000e+00
  27.588980    33.8435    147.423    -0.7729     1.3986 101.796777  0.000e+00
  27.588980    33.8435    147.423    -0.7729     1.3913 101.796780  0.000e+00
  27.588822    33.8432    147.423    -0.7728     1.3950 101.796782  0.000e+00
  27.588346    33.8428    147.423    -0.7731     1.3693 101.796785  0.000e+00
