tests/ctd01.cnv
* Sea-Bird SBE 19 Data File:
* FileName = \CTDDATA\002506.HEX
* Software Version 4.249
* Temperature SN = 1993
* Conductivity SN = 1993
* System UpLoad Time = Aug 23 2002 15:54:38
** Ship:          Le Petit Lièvre (Société Duvetnor)
** Scientist:     Peter S. Galbraith
** Institute:     Maurice Lamontagne Institute, Dept. of Fisheries and Oceans
** Address:       P.O. Box 1000, Mont-Joli Qc, G5H 3Z4, Canada
** Cruise:        IML-02-59 SLEIWEX
** Station:       04
** Cast:          a
** Date:          August 23 2002 15:28:52 UTC
** Recovery:      August 23 2002 15:32:11 UTC
** Latitude:      47 53.27 N
** Longitude:     069 43.96 W
** Water Depth:   40 m
# nquan = 9
# nvalues = 418                         
# units = metric
# name 0 = scan: scan number
# name 1 = pr: pressure [db]
# name 2 = t090: temperature, ITS-90 [deg C]
# name 3 = c0mS/cm: conductivity [mS/cm]
# name 4 = dz/dt: descent rate [m/s]
# name 5 = sal00: salinity, PSS-78 [PSU]
# name 6 = sigma-t00: density, sigma-t [kg/m^3]
# name 7 = depS: depth, salt water [m]
# name 8 = flag:  0.000e+00
# span 0 = 1, 418                                 
# span 1 = -0.178, 39.944                         
# span 2 = 3.5682, 11.4243                        
# span 3 = 1.388213, 28.169479                    
# span 4 = -3.484, 2.644                          
# span 5 = 1.0882, 30.1809                        
# span 6 = 0.4195, 23.9910                        
# span 7 = -0.177, 39.605                         
# span 8 = 0.0000e+00, 0.0000e+00                 
# interval = seconds: 0.5                         
# start_time = Aug 23 2002 15:28:52
# bad_flag = -9.990e-29
*END*
        156      0.715     9.2455  26.607266 7.8160e-15    24.0319    18.5115      0.709 0.0000e+00
        157      2.412     9.0598  26.649164      0.732    24.1984    18.6668      2.392 0.0000e+00
        158      3.484     8.9062  26.705082      1.501    24.3586    18.8128      3.455 0.0000e+00
        159      5.092     8.8106  26.775791      2.340    24.4948    18.9320      5.049 0.0000e+00
        160      5.985     8.7432  26.857100      2.644    24.6230    19.0411      5.935 0.0000e+00
        161      6.074     8.6867  26.937701      1.965    24.7436    19.1429      6.023 0.0000e+00
        162      6.253     8.5791  27.018116      1.304    24.9003    19.2797      6.200 0.0000e+00
        163      6.342     8.3457  27.105999      0.554    25.1551    19.5096      6.289 0.0000e+00
        164      6.521     8.0154  27.193354      0.268    25.4825    19.8085      6.466 0.0000e+00
        165      6.700     7.5929  27.278962      0.304    25.8819    20.1745      6.644 0.0000e+00
        166      6.968     7.0883  27.385521      0.357    26.3742    20.6222      6.909 0.0000e+00
        167      7.146     6.5853  27.521335      0.411    26.9090    21.1014      7.086 0.0000e+00
        168      7.504     6.2250  27.656845      0.482    27.3420    21.4830      7.441 0.0000e+00
        169      7.772     6.0850  27.754216      0.536    27.5612    21.6712      7.707 0.0000e+00
        170      8.040     5.8989  27.813958      0.554    27.7786    21.8630      7.972 0.0000e+00
        171      8.308     5.5951  27.863183      0.572    28.0843    22.1368      8.238 0.0000e+00
        172      8.576     5.2666  27.916394      0.536    28.4201    22.4363      8.504 0.0000e+00
        173      8.933     5.0115  27.969317      0.572    28.6977    22.6817      8.858 0.0000e+00
        174      9.201     4.8341  28.012919      0.590    28.9005    22.8599      9.124 0.0000e+00
        175      9.380     4.7283  28.043468      0.554    29.0275    22.9709      9.301 0.0000e+00
        176      9.648     4.6545  28.060964      0.518    29.1121    23.0451      9.567 0.0000e+00
        177      9.916     4.5785  28.067665      0.482    29.1866    23.1114      9.833 0.0000e+00
        178     10.095     4.4362  28.072600      0.465    29.3182    23.2293     10.010 0.0000e+00
        179     10.452     4.1572  28.087361      0.518    29.5847    23.4668     10.364 0.0000e+00
        180     10.720     3.8536  28.109547      0.536    29.8860    23.7337     10.630 0.0000e+00
        181     10.988     3.7030  28.127522      0.554    30.0453    23.8736     10.896 0.0000e+00
        182     11.345     3.6357  28.138410      0.608    30.1201    23.9390     11.249 0.0000e+00
        183     11.613     3.6226  28.148560      0.590    30.1441    23.9592     11.515 0.0000e+00
        184     12.060     3.6267  28.161752      0.661    30.1556    23.9680     11.958 0.0000e+00
        185     12.328     3.6230  28.169479      0.679    30.1680    23.9782     12.224 0.0000e+00
        186     12.685     3.6192  28.164792      0.679    30.1659    23.9768     12.578 0.0000e+00
        187     13.043     3.6156  28.155751      0.697    30.1583    23.9711     12.933 0.0000e+00
        188     13.400     3.6064  28.150535      0.679    30.1605    23.9737     13.287 0.0000e+00
        189     13.758     3.5973  28.148610      0.715    30.1665    23.9792     13.642 0.0000e+00
        190     14.204     3.5957  28.149882      0.751    30.1693    23.9816     14.084 0.0000e+00
        191     14.651     3.5947  28.154580      0.804    30.1756    23.9866     14.528 0.0000e+00
        192     15.009     3.5933  28.158136      0.822    30.1809    23.9910     14.883 0.0000e+00
        193     15.545     3.5913  28.155940      0.876    30.1799    23.9904     15.414 0.0000e+00
        194     15.902     3.5893  28.148030      0.858    30.1722    23.9845     15.768 0.0000e+00
        195     16.438     3.5889  28.139150      0.894    30.1618    23.9762     16.299 0.0000e+00
        196     16.885     3.5909  28.132764      0.929    30.1522    23.9684     16.743 0.0000e+00
        197     17.332     3.5929  28.131218      0.911    30.1483    23.9651     17.186 0.0000e+00
        198     17.868     3.5945  28.134436      0.965    30.1504    23.9666     17.717 0.0000e+00
        199     18.404     3.5951  28.136851      0.983    30.1524    23.9682     18.249 0.0000e+00
        200     18.940     3.5919  28.133778      1.037    30.1515    23.9677     18.780 0.0000e+00
        201     19.476     3.5867  28.125566      1.072    30.1463    23.9641     19.312 0.0000e+00
        202     19.923     3.5897  28.116573      1.037    30.1327    23.9530     19.755 0.0000e+00
        203     20.549     3.5947  28.110602      1.054    30.1207    23.9430     20.376 0.0000e+00
        204     21.085     3.5929  28.109068      1.072    30.1203    23.9428     20.907 0.0000e+00
        205     21.621     3.5907  28.110914      1.090    30.1242    23.9462     21.438 0.0000e+00
        206     22.246     3.5877  28.109244      1.144    30.1247    23.9468     22.058 0.0000e+00
        207     22.783     3.5849  28.100864      1.126    30.1172    23.9411     22.591 0.0000e+00
        208     23.408     3.5865  28.093850      1.162    30.1071    23.9329     23.210 0.0000e+00
        209     23.944     3.5871  28.092672      1.162    30.1049    23.9311     23.742 0.0000e+00
        210     24.570     3.5875  28.092805      1.162    30.1044    23.9306     24.362 0.0000e+00
        211     25.106     3.5865  28.090972      1.162    30.1029    23.9295     24.894 0.0000e+00
        212     25.732     3.5825  28.088684      1.162    30.1036    23.9304     25.514 0.0000e+00
        213     26.447     3.5793  28.087831      1.233    30.1052    23.9320     26.223 0.0000e+00
        214     26.983     3.5797  28.089253      1.233    30.1062    23.9328     26.755 0.0000e+00
        215     27.609     3.5809  28.087451      1.251    30.1027    23.9299     27.375 0.0000e+00
        216     28.145     3.5799  28.078051      1.198    30.0922    23.9216     27.907 0.0000e+00
        217     28.771     3.5807  28.069737      1.162    30.0814    23.9129     28.528 0.0000e+00
        218     29.396     3.5805  28.069195      1.198    30.0806    23.9123     29.147 0.0000e+00
        219     29.933     3.5803  28.072759      1.180    30.0847    23.9156     29.680 0.0000e+00
        220     30.558     3.5799  28.076813      1.198    30.0896    23.9195     30.299 0.0000e+00
        221     31.095     3.5803  28.079863      1.162    30.0925    23.9219     30.832 0.0000e+00
        222     31.631     3.5795  28.079068      1.126    30.0921    23.9216     31.363 0.0000e+00
        223     32.167     3.5781  28.072879      1.108    30.0858    23.9167     31.895 0.0000e+00
        224     32.614     3.5743  28.063417      1.037    30.0779    23.9107     32.338 0.0000e+00
        225     33.240     3.5720  28.056331      1.055    30.0714    23.9057     32.958 0.0000e+00
        226     33.687     3.5698  28.054017      1.037    30.0705    23.9052     33.402 0.0000e+00
        227     34.223     3.5692  28.053889      1.037    30.0706    23.9053     33.933 0.0000e+00
        228     34.759     3.5688  28.054802      1.055    30.0718    23.9063     34.464 0.0000e+00
        229     35.296     3.5686  28.057498      1.037    30.0749    23.9088     34.997 0.0000e+00
        230     35.743     3.5692  28.063602      1.037    30.0813    23.9139     35.440 0.0000e+00
        231     36.368     3.5704  28.078787      1.055    30.0979    23.9269     36.060 0.0000e+00
        232     36.905     3.5726  28.101115      1.073    30.1219    23.9459     36.592 0.0000e+00
        233     37.352     3.5728  28.112519      1.055    30.1350    23.9563     37.035 0.0000e+00
        234     37.799     3.5718  28.109958      1.019    30.1327    23.9545     37.478 0.0000e+00
        235     38.156     3.5720  28.112222      0.894    30.1350    23.9563     37.832 0.0000e+00
        236     38.514     3.5756  28.116408      0.805    30.1364    23.9572     38.187 0.0000e+00
        237     38.782     3.5807  28.109358      0.715    30.1233    23.9462     38.453 0.0000e+00
        238     39.140     3.5831  28.099930      0.662    30.1097    23.9353     38.808 0.0000e+00
        239     39.229     3.5823  28.092327      0.554    30.1014    23.9288     38.896 0.0000e+00
        240     39.408     3.5835  28.086785      0.447    30.0937    23.9225     39.074 0.0000e+00
        241     39.497     3.5827  28.080367      0.340    30.0868    23.9171     39.162 0.0000e+00
        242     39.497     3.5745  28.065503      0.197    30.0768    23.9099     39.162 0.0000e+00
        243     39.676     3.5726  28.055437      0.197    30.0666    23.9019     39.339 0.0000e+00
