tests/testthat/local_data/ctd/2021-01-13_alongbay_skb11_cast116_5028.cnv
* Sea-Bird SBE19plus Data File:
* FileName = C:\Users\steve\Desktop\GWA CTD\2021_01-13_AlongBay\2021-01-13_AlongBay_SKB_cast116.hex
* Software Version 1.59
* Temperature SN =  5028
* Conductivity SN =  5028
* System UpLoad Time = Jan 14 2021 15:06:57
** Cook Inlet LTM AlongBay
** Date: 01-13-2020
** Station:SKB11
** Start Time (AKST):13:46
** Depth (m):59
** Comment:
** Comment:
# nquan = 27
# nvalues = 53                          
# units = specified
# name 0 = scan: Scan Count
# name 1 = timeJ: Julian Days
# name 2 = timeH: Time, Elapsed [hours]
# name 3 = timeM: Time, Elapsed [minutes]
# name 4 = timeS: Time, Elapsed [seconds]
# name 5 = prdM: Pressure, Strain Gauge [db]
# name 6 = specc: Specific Conductance [uS/cm]
# name 7 = sal00: Salinity, Practical [PSU]
# name 8 = tv290C: Temperature [ITS-90, deg C]
# name 9 = depSM: Depth [salt water, m], lat = 59.00
# name 10 = potemp090C: Potential Temperature [ITS-90, deg C]
# name 11 = sigma-é00: Density [sigma-theta, kg/m^3]
# name 12 = sbeox0ML/L: Oxygen, SBE 43 [ml/l]
# name 13 = sbeox0Mg/L: Oxygen, SBE 43 [mg/l]
# name 14 = sbeox0PS: Oxygen, SBE 43 [% saturation]
# name 15 = sbox0Mm/Kg: Oxygen, SBE 43 [umol/kg]
# name 16 = sbeox0Mm/L: Oxygen, SBE 43 [umol/l]
# name 17 = sbox0dV/dT: Oxygen, SBE 43 [dov/dt]
# name 18 = oxsolML/L: Oxygen Saturation, Garcia & Gordon [ml/l]
# name 19 = oxsolMg/L: Oxygen Saturation, Garcia & Gordon [mg/l]
# name 20 = oxsolMm/Kg: Oxygen Saturation, Garcia & Gordon [umol/kg]
# name 21 = potemp090C: Potential Temperature [ITS-90, deg C]
# name 22 = n2satMg/L: Nitrogen Saturation [mg/l]
# name 23 = par: PAR/Irradiance, Biospherical/Licor
# name 24 = flECO-AFL: Fluorescence, WET Labs ECO-AFL/FL [mg/m^3]
# name 25 = turbWETntu0: Turbidity, WET Labs ECO [NTU]
# name 26 = flag: flag
# span 0 =        272,        501       
# span 1 =  13.574602,  13.575265       
# span 2 =    0.01879,    0.03469       
# span 3 =     1.1271,     2.0815       
# span 4 =     67.628,    124.890       
# span 5 =      1.010,     53.506       
# span 6 =  50020.919,  50139.671       
# span 7 =    30.9702,    31.1458       
# span 8 =     4.6923,     5.2879       
# span 9 =      1.000,     53.000       
# span 10 =     4.6916,     5.2839      
# span 11 =    24.5134,    24.5939      
# span 12 =     6.3562,    11.6468      
# span 13 =     9.0837,    16.6444      
# span 14 =     86.837,    160.853      
# span 15 =    277.077,    507.672      
# span 16 =    283.869,    520.145      
# span 17 =   -0.03669,    0.05871      
# span 18 =    7.20836,    7.32049      
# span 19 =   10.30147,   10.46172      
# span 20 =  314.19924,  319.11013      
# span 21 =     4.6917,     5.2839      
# span 22 =   16.15812,   16.39253      
# span 23 = 3.7976e-02, 2.5553e+01      
# span 24 =     0.2498,     0.3100      
# span 25 =     0.7857,     2.0028      
# span 26 = 0.0000e+00, 0.0000e+00      
# interval = meters: 1                  
# start_time = Jan 13 2021 13:46:18 [Instrument's time stamp, header]
# bad_flag = -9.990e-29
*END*
        272  13.574602    0.01879     1.1271     67.628      1.010  50020.919    30.9702     4.6969      1.000     4.6963    24.5134     6.3562     9.0837     86.837    277.077    283.869    0.02913    7.31976   10.46067  319.07890     4.6969   16.39106 2.5553e+01     0.2704     0.7988 0.0000e+00
        277  13.574617    0.01915     1.1489     68.932      2.019  50023.980    30.9717     4.6968      2.000     4.6969    24.5147     6.5429     9.3505     89.388    285.215    292.208    0.03283    7.31970   10.46058  319.07574     4.6967   16.39090 2.0966e+01     0.2763     0.7932 0.0000e+00
        282  13.574631    0.01948     1.1688     70.129      3.028  50024.993    30.9719     4.6967      3.000     4.6968    24.5149     6.6713     9.5339     91.142    290.811    297.940    0.03213    7.31971   10.46060  319.07614     4.6965   16.39092 2.0404e+01     0.2753     0.7937 0.0000e+00
        286  13.574644    0.01978     1.1872     71.229      4.038  50026.353    30.9726     4.6980      4.000     4.6983    24.5153     6.7857     9.6975     92.709    295.800    303.052    0.03112    7.31945   10.46021  319.06430     4.6978   16.39035 2.2019e+01     0.2900     0.7967 0.0000e+00
        290  13.574656    0.02007     1.2043     72.260      5.047  50025.376    30.9716     4.6985      5.000     4.6975    24.5145     6.9368     9.9134     94.772    302.383    309.796    0.03354    7.31941   10.46017  319.06338     4.6982   16.39031 2.0950e+01     0.2969     0.7892 0.0000e+00
        294  13.574667    0.02035     1.2210     73.260      6.057  50026.971    30.9718     4.6970      6.000     4.6962    24.5148     7.0980    10.1438     96.972    309.413    316.999    0.03644    7.31967   10.46054  319.07439     4.6966   16.39084 1.8196e+01     0.2894     0.7871 0.0000e+00
        298  13.574679    0.02062     1.2373     74.237      7.066  50026.027    30.9705     4.6960      7.000     4.6935    24.5138     7.2653    10.3829     99.254    316.706    324.470    0.03929    7.31992   10.46089  319.08547     4.6955   16.39136 1.5380e+01     0.3070     0.7928 0.0000e+00
        302  13.574690    0.02089     1.2537     75.222      8.076  50030.374    30.9722     4.6923      8.000     4.6916    24.5156     7.4674    10.6716    102.007    325.513    333.494    0.04359    7.32049   10.46172  319.11013     4.6917   16.39253 1.2896e+01     0.3100     0.8013 0.0000e+00
        306  13.574702    0.02117     1.2704     76.225      9.086  50040.431    30.9791     4.6944      9.000     4.6998    24.5208     7.7076    11.0149    105.299    335.982    344.221    0.04971    7.31976   10.46068  319.07674     4.6938   16.39092 1.0798e+01     0.3026     0.7877 0.0000e+00
        310  13.574714    0.02146     1.2873     77.236     10.095  50079.970    31.0102     4.7156     10.000     4.7439    24.5433     7.9194    11.3177    108.271    345.208    353.681    0.05292    7.31451   10.45317  318.84082     4.7149   16.37956 9.0797e+00     0.2978     0.7857 0.0000e+00
        314  13.574725    0.02174     1.3044     78.265     11.104  50080.365    31.0239     4.7801     11.000     4.8055    24.5475     8.0751    11.5401    110.582    351.993    360.633    0.05145    7.30249   10.43599  318.31539     4.7793   16.35451 7.6669e+00     0.2873     0.7930 0.0000e+00
        318  13.574737    0.02202     1.3216     79.296     12.114  50075.358    31.0307     4.8298     12.000     4.8500    24.5478     8.1994    11.7177    112.423    357.411    366.185    0.04797    7.29343   10.42304  317.92035     4.8289   16.33569 6.4844e+00     0.2759     0.7988 0.0000e+00
        322  13.574749    0.02232     1.3391     80.347     13.123  50062.075    31.0297     4.8695     13.000     4.8793    24.5428     8.3018    11.8641    113.934    361.876    370.758    0.04305    7.28651   10.41315  317.62023     4.8686   16.32141 5.4288e+00     0.2685     0.8113 0.0000e+00
        327  13.574762    0.02262     1.3573     81.437     14.133  50053.609    31.0275     4.8887     14.000     4.8923    24.5391     8.4070    12.0145    115.430    366.467    375.460    0.03897    7.28325   10.40850  317.47933     4.8878   16.31471 4.5315e+00     0.2740     0.8287 0.0000e+00
        331  13.574775    0.02294     1.3759     82.556     15.142  50054.345    31.0295     4.8980     15.000     4.9008    24.5397     8.5242    12.1819    117.066    371.571    380.689    0.03627    7.28153   10.40604  317.40432     4.8969   16.31114 3.8102e+00     0.2836     0.8434 0.0000e+00
        336  13.574788    0.02325     1.3949     83.692     16.152  50060.145    31.0351     4.9080     16.000     4.9126    24.5431     8.6771    12.4004    119.199    378.236    387.519    0.03681    7.27951   10.40315  317.31507     4.9069   16.30687 3.2076e+00     0.2758     0.8445 0.0000e+00
        340  13.574801    0.02357     1.4141     84.844     17.161  50061.452    31.0384     4.9215     17.000     4.9252    24.5443     8.8543    12.6537    121.676    385.960    395.434    0.03887    7.27699   10.39955  317.20473     4.9203   16.30160 2.6908e+00     0.2810     0.8359 0.0000e+00
        345  13.574815    0.02390     1.4340     86.039     18.170  50060.481    31.0394     4.9319     18.000     4.9343    24.5441     9.0572    12.9437    124.496    394.805    404.495    0.04172    7.27513   10.39690  317.12397     4.9306   16.29776 2.2584e+00     0.2731     0.8353 0.0000e+00
        350  13.574829    0.02423     1.4538     87.228     19.180  50077.764    31.0536     4.9452     19.000     4.9559    24.5539     9.2678    13.2446    127.444    403.981    413.900    0.04442    7.27211   10.39257  316.98906     4.9439   16.29128 1.8973e+00     0.2655     0.8511 0.0000e+00
        354  13.574842    0.02453     1.4723     88.336     20.190  50089.223    31.0675     4.9757     20.000     4.9888    24.5616     9.4890    13.5607    130.594    413.620    423.779    0.04821    7.26612   10.38402  316.72575     4.9742   16.27869 1.5896e+00     0.2690     0.8702 0.0000e+00
        358  13.574854    0.02482     1.4896     89.374     21.199  50092.419    31.0754     5.0054     21.000     5.0173    24.5648     9.7190    13.8894    133.861    423.642    434.049    0.05267    7.26057   10.37608  316.48280     5.0038   16.26710 1.3272e+00     0.2633     0.8944 0.0000e+00
        362  13.574865    0.02510     1.5061     90.365     22.209  50089.340    31.0781     5.0301     22.000     5.0373    24.5642     9.9410    14.2067    137.003    433.320    443.965    0.05592    7.25613   10.36974  316.28942     5.0285   16.25788 1.1042e+00     0.2719     0.9269 0.0000e+00
        366  13.574877    0.02538     1.5226     91.357     23.219  50083.359    31.0767     5.0451     23.000     5.0475    24.5615    10.1564    14.5144    140.018    442.708    453.582    0.05773    7.25358   10.36610  316.17927     5.0435   16.25264 9.1757e-01     0.2766     0.9415 0.0000e+00
        370  13.574888    0.02566     1.5395     92.370     24.228  50081.615    31.0764     5.0519     24.000     5.0527    24.5606    10.3649    14.8124    142.916    451.799    462.895    0.05803    7.25242   10.36444  316.12876     5.0502   16.25024 7.6234e-01     0.2802     0.9506 0.0000e+00
        375  13.574901    0.02594     1.5564     93.383     25.239  50086.574    31.0806     5.0578     25.000     5.0604    24.5633    10.5744    15.1118    145.830    460.928    472.250    0.05825    7.25119   10.36268  316.07435     5.0560   16.24764 6.3252e-01     0.2884     0.9619 0.0000e+00
        379  13.574912    0.02622     1.5732     94.394     26.248  50090.379    31.0848     5.0675     26.000     5.0706    24.5655    10.7859    15.4141    148.785    470.147    481.697    0.05871    7.24933   10.36001  315.99224     5.0656   16.24371 5.2382e-01     0.2918     0.9729 0.0000e+00
        383  13.574924    0.02651     1.5902     95.414     27.257  50088.162    31.0848     5.0769     27.000     5.0777    24.5645    10.9908    15.7070    151.646    479.081    490.850    0.05854    7.24768   10.35766  315.92118     5.0749   16.24033 4.3289e-01     0.2736     1.0145 0.0000e+00
        387  13.574936    0.02680     1.6076     96.457     28.266  50086.767    31.0842     5.0816     28.000     5.0811    24.5637    11.1705    15.9638    154.143    486.916    498.877    0.05624    7.24688   10.35651  315.88621     5.0797   16.23867 3.5779e-01     0.2499     1.0322 0.0000e+00
        391  13.574948    0.02709     1.6255     97.528     29.276  50090.345    31.0870     5.0855     29.000     5.0864    24.5655    11.3164    16.1722    156.172    493.269    505.387    0.05161    7.24608   10.35537  315.85074     5.0834   16.23697 2.9657e-01     0.2546     1.0375 0.0000e+00
        395  13.574961    0.02739     1.6436     98.618     30.286  50097.258    31.0930     5.0941     30.000     5.0972    24.5694    11.4457    16.3571    157.996    498.907    511.165    0.04687    7.24430   10.35283  315.77209     5.0919   16.23320 2.4550e-01     0.2664     1.0574 0.0000e+00
        400  13.574974    0.02770     1.6622     99.731     31.295  50094.373    31.0928     5.1043     31.000     5.1049    24.5680    11.5487    16.5043    159.457    503.398    515.766    0.04141    7.24253   10.35030  315.69550     5.1021   16.22956 2.0364e-01     0.2699     1.0984 0.0000e+00
        405  13.574987    0.02803     1.6814    100.887     32.304  50094.545    31.0937     5.1102     32.000     5.1101    24.5681    11.6178    16.6030    160.434    506.409    518.850    0.03446    7.24147   10.34879  315.64920     5.1079   16.22735 1.6896e-01     0.2651     1.1142 0.0000e+00
        409  13.575001    0.02835     1.7012    102.069     33.314  50093.903    31.0937     5.1149     33.000     5.1136    24.5677    11.6468    16.6444    160.853    507.672    520.145    0.02640    7.24065   10.34761  315.61350     5.1126   16.22565 1.4092e-01     0.2618     1.1434 0.0000e+00
        414  13.575015    0.02868     1.7211    103.267     34.324  50093.450    31.0933     5.1168     34.000     5.1146    24.5671    11.6449    16.6417    160.833    507.591    520.061    0.01841    7.24036   10.34720  315.60101     5.1143   16.22506 1.1862e-01     0.2667     1.1436 0.0000e+00
        419  13.575029    0.02902     1.7412    104.473     35.334  50094.242    31.0935     5.1175     35.000     5.1153    24.5672    11.6157    16.6000    160.433    506.318    518.757    0.01082    7.24021   10.34699  315.59455     5.1150   16.22475 1.0075e-01     0.2697     1.1287 0.0000e+00
        423  13.575042    0.02933     1.7599    105.591     36.343  50097.172    31.0953     5.1189     36.000     5.1178    24.5685    11.5743    16.5409    159.869    504.513    516.909    0.00466    7.23988   10.34651  315.57986     5.1163   16.22404 8.6356e-02     0.2671     1.1276 0.0000e+00
        428  13.575054    0.02962     1.7774    106.647     37.353  50100.570    31.0979     5.1227     37.000     5.1226    24.5702    11.5357    16.4857    159.353    502.831    515.186    0.00052    7.23911   10.34541  315.54565     5.1200   16.22240 7.4868e-02     0.2505     1.1447 0.0000e+00
        432  13.575066    0.02991     1.7947    107.682     38.362  50103.829    31.1009     5.1287     38.000     5.1297    24.5719    11.4962    16.4291    158.832    501.104    513.417   -0.00246    7.23792   10.34370  315.49304     5.1259   16.21989 6.5747e-02     0.2498     1.1563 0.0000e+00
        436  13.575078    0.03020     1.8119    108.715     39.371  50105.452    31.1033     5.1369     39.000     5.1374    24.5729    11.4454    16.3566    158.165    498.893    511.153   -0.00535    7.23639   10.34153  315.42633     5.1340   16.21671 5.8644e-02     0.2532     1.1600 0.0000e+00
        440  13.575090    0.03049     1.8292    109.754     40.381  50105.488    31.1041     5.1430     40.000     5.1432    24.5729    11.3810    16.2645    157.298    496.085    508.275   -0.00853    7.23529   10.33995  315.37812     5.1401   16.21440 5.3156e-02     0.2680     1.1770 0.0000e+00
        444  13.575101    0.03077     1.8461    110.768     41.391  50115.467    31.1123     5.1518     41.000     5.1562    24.5784    11.3179    16.1743    156.467    493.330    505.456   -0.01081    7.23338   10.33722  315.29333     5.1488   16.21034 4.8812e-02     0.2599     1.1969 0.0000e+00
        448  13.575114    0.03105     1.8632    111.792     42.401  50117.080    31.1161     5.1670     42.000     5.1706    24.5798    11.2531    16.0818    155.632    490.508    502.564   -0.01244    7.23056   10.33319  315.17004     5.1639   16.20445 4.5315e-02     0.2741     1.2204 0.0000e+00
        452  13.575126    0.03135     1.8812    112.871     43.410  50129.698    31.1276     5.1830     43.000     5.1919    24.5872    11.1690    15.9617    154.540    486.838    498.808   -0.01475    7.22724   10.32846  315.02323     5.1798   16.19742 4.2530e-02     0.2745     1.2589 0.0000e+00
        457  13.575139    0.03166     1.8995    113.969     44.420  50139.671    31.1402     5.2126     44.000     5.2227    24.5939    11.0697    15.8197    153.286    482.505    494.371   -0.01726    7.22153   10.32029  314.77211     5.2094   16.18541 4.0354e-02     0.2589     1.3092 0.0000e+00
        461  13.575152    0.03197     1.9184    115.106     45.429  50132.165    31.1401     5.2392     45.000     5.2428    24.5909    10.9550    15.6557    151.794    477.505    489.247   -0.02001    7.21695   10.31375  314.57344     5.2359   16.17595 3.8698e-02     0.2660     1.4000 0.0000e+00
        466  13.575165    0.03229     1.9378    116.266     46.439  50129.818    31.1409     5.2533     46.000     5.2548    24.5900    10.8154    15.4564    149.913    471.425    483.018   -0.02397    7.21448   10.31022  314.46600     5.2499   16.17084 3.8063e-02     0.2747     1.5189 0.0000e+00
        471  13.575179    0.03264     1.9581    117.486     47.449  50131.713    31.1443     5.2655     47.000     5.2669    24.5913    10.6643    15.2403    147.864    464.834    476.265   -0.02732    7.21222   10.30698  314.36689     5.2621   16.16610 3.7984e-02     0.2727     1.6764 0.0000e+00
        476  13.575194    0.03300     1.9796    118.776     48.458  50131.139    31.1458     5.2772     48.000     5.2769    24.5913    10.4986    15.0035    145.608    457.612    468.865   -0.03013    7.21013   10.30399  314.27585     5.2737   16.16176 3.7976e-02     0.2819     1.7605 0.0000e+00
        481  13.575209    0.03335     2.0013    120.078     49.468  50127.159    31.1437     5.2829     49.000     5.2797    24.5891    10.3215    14.7505    143.170    449.896    460.958   -0.03294    7.20927   10.30276  314.23903     5.2793   16.16002 3.7976e-02     0.2754     1.8277 0.0000e+00
        486  13.575223    0.03369     2.0215    121.292     50.478  50129.130    31.1449     5.2842     50.000     5.2815    24.5898    10.1554    14.5131    140.872    442.657    453.542   -0.03488    7.20897   10.30235  314.22612     5.2806   16.15940 3.7976e-02     0.2728     1.8565 0.0000e+00
        491  13.575237    0.03402     2.0409    122.457     51.488  50129.416    31.1450     5.2863     51.000     5.2829    24.5897    10.0023    14.2942    138.754    435.980    446.701   -0.03574    7.20861   10.30183  314.21021     5.2825   16.15864 3.7976e-02     0.2820     1.8701 0.0000e+00
        495  13.575250    0.03434     2.0602    123.612     52.497  50130.009    31.1451     5.2872     52.000     5.2835    24.5897     9.8534    14.0815    136.692    429.491    440.052   -0.03629    7.20846   10.30161  314.20358     5.2833   16.15832 3.7976e-02     0.2775     1.9212 0.0000e+00
        501  13.575265    0.03469     2.0815    124.890     53.506  50130.059    31.1448     5.2879     53.000     5.2839    24.5894     9.7048    13.8693    134.635    423.020    433.422   -0.03669    7.20836   10.30147  314.19924     5.2839   16.15812 3.7976e-02     0.2572     2.0028 0.0000e+00
