tests/testthat/local_data/ctd/2022_01-31_ab_s02_cast052_4141.cnv
* Sea-Bird SBE19plus Data File:
* FileName = C:\Users\steve\Desktop\GWA\CTD\2022_01-31_AB\2022_01-31_AB_S0_cast052.hex
* Software Version 1.59
* Temperature SN =  4141
* Conductivity SN =  4141
* System UpLoad Time = Feb 01 2022 15:07:42
** Cook Inlet LTM AlongBay
** Date: 01-31-2022
** Station:S02
** Start Time (AKST):13:29
** Depth (m):126
** Comment:
** Comment:
# nquan = 27
# nvalues = 123                         
# units = specified
# name 0 = scan: Scan Count
# name 1 = timeJ: Julian Days
# name 2 = timeH: Time, Elapsed [hours]
# name 3 = timeM: Time, Elapsed [minutes]
# name 4 = timeS: Time, Elapsed [seconds]
# name 5 = prdM: Pressure, Strain Gauge [db]
# name 6 = specc: Specific Conductance [uS/cm]
# name 7 = sal00: Salinity, Practical [PSU]
# name 8 = tv290C: Temperature [ITS-90, deg C]
# name 9 = depSM: Depth [salt water, m], lat = 59.00
# name 10 = potemp090C: Potential Temperature [ITS-90, deg C]
# name 11 = sigma-é00: Density [sigma-theta, kg/m^3]
# name 12 = sbeox0ML/L: Oxygen, SBE 43 [ml/l]
# name 13 = sbeox0Mg/L: Oxygen, SBE 43 [mg/l]
# name 14 = sbeox0PS: Oxygen, SBE 43 [% saturation]
# name 15 = sbox0Mm/Kg: Oxygen, SBE 43 [umol/kg]
# name 16 = sbeox0Mm/L: Oxygen, SBE 43 [umol/l]
# name 17 = sbox0dV/dT: Oxygen, SBE 43 [dov/dt]
# name 18 = oxsolML/L: Oxygen Saturation, Garcia & Gordon [ml/l]
# name 19 = oxsolMg/L: Oxygen Saturation, Garcia & Gordon [mg/l]
# name 20 = oxsolMm/Kg: Oxygen Saturation, Garcia & Gordon [umol/kg]
# name 21 = n2satMg/L: Nitrogen Saturation [mg/l]
# name 22 = par: PAR/Irradiance, Biospherical/Licor
# name 23 = wetStar: Fluorescence, WET Labs WETstar [mg/m^3]
# name 24 = CStarAt0: Beam Attenuation, WET Labs C-Star [1/m]
# name 25 = CStarTr0: Beam Transmission, WET Labs C-Star [%]
# name 26 = flag: flag
# span 0 =        325,        965       
# span 1 =  31.562536,  31.564387       
# span 2 =    0.02252,    0.06694       
# span 3 =     1.3509,     4.0163       
# span 4 =     81.057,    240.981       
# span 5 =      1.014,    124.176       
# span 6 =  51150.386,  51424.118       
# span 7 =    31.6486,    31.7876       
# span 8 =     4.2748,     4.3343       
# span 9 =      1.000,    123.000       
# span 10 =     4.2760,     4.3258      
# span 11 =    25.0936,    25.2006      
# span 12 =     7.0402,     7.1642      
# span 13 =    10.0612,    10.2384      
# span 14 =     95.866,     97.351      
# span 15 =    306.688,    312.116      
# span 16 =    314.416,    319.953      
# span 17 =   -0.00149,    0.00164      
# span 18 =    7.34380,    7.36026      
# span 19 =   10.49502,   10.51855      
# span 20 =  319.91273,  320.66252      
# span 21 =   16.42741,   16.46362      
# span 22 = 3.6908e-02, 6.8324e+01      
# span 23 =     0.1366,     0.3033      
# span 24 =     0.3503,     0.5299      
# span 25 =    87.5912,    91.6148      
# span 26 = 0.0000e+00, 0.0000e+00      
# interval = meters: 1                  
# start_time = Jan 31 2022 13:28:42 [Instrument's time stamp, header]
# bad_flag = -9.990e-29
*END*
[from data line 108]
        889  31.564168    0.06170     3.7019    222.113    110.049  51413.398    31.7855     4.3299    109.000     4.3227    25.1982     7.0473    10.0713     95.951    306.995    314.730   -0.00040    7.34462   10.49619  319.94848   16.42911 3.6908e-02     0.2230     0.5173    87.8705 0.0000e+00
        895  31.564185    0.06210     3.7265    223.587    111.060  51414.559    31.7858     4.3302    110.000     4.3228    25.1984     7.0487    10.0732     95.972    307.056    314.794   -0.00025    7.34455   10.49610  319.94563   16.42898 3.6908e-02     0.2323     0.5164    87.8889 0.0000e+00
        902  31.564203    0.06256     3.7533    225.197    112.090  51415.071    31.7858     4.3304    111.000     4.3226    25.1983     7.0498    10.0748     95.987    307.104    314.843   -0.00011    7.34452   10.49606  319.94429   16.42891 3.6908e-02     0.2362     0.5072    88.0902 0.0000e+00
        907  31.564220    0.06294     3.7761    226.563    113.086  51415.256    31.7851     4.3296    112.000     4.3218    25.1980     7.0447    10.0676     95.915    306.884    314.617   -0.00047    7.34469   10.49630  319.95176   16.42927 3.6908e-02     0.2284     0.5095    88.0395 0.0000e+00
        913  31.564236    0.06333     3.7999    227.997    114.096  51416.731    31.7855     4.3290    113.000     4.3216    25.1983     7.0497    10.0747     95.982    307.100    314.839   -0.00006    7.34478   10.49642  319.95536   16.42945 3.6908e-02     0.2260     0.5130    87.9650 0.0000e+00
        918  31.564251    0.06368     3.8209    229.251    115.110  51417.820    31.7860     4.3299    114.000     4.3223    25.1986     7.0480    10.0723     95.962    307.027    314.764   -0.00021    7.34459   10.49615  319.94724   16.42905 3.6908e-02     0.2327     0.5124    87.9775 0.0000e+00
        923  31.564265    0.06403     3.8414    230.485    116.117  51416.976    31.7849     4.3300    115.000     4.3222    25.1978     7.0462    10.0698     95.937    306.950    314.685   -0.00030    7.34463   10.49622  319.94936   16.42916 3.6908e-02     0.2276     0.5129    87.9656 0.0000e+00
        928  31.564281    0.06440     3.8642    231.853    117.129  51419.421    31.7861     4.3301    116.000     4.3225    25.1987     7.0479    10.0722     95.961    307.024    314.761   -0.00020    7.34455   10.49610  319.94534   16.42896 3.6908e-02     0.2306     0.5082    88.0697 0.0000e+00
        934  31.564296    0.06477     3.8860    233.162    118.135  51419.526    31.7858     4.3307    117.000     4.3229    25.1985     7.0480    10.0722     95.963    307.024    314.761   -0.00016    7.34446   10.49597  319.94155   16.42878 3.6908e-02     0.2261     0.5118    87.9896 0.0000e+00
        939  31.564311    0.06514     3.9085    234.509    119.156  51420.413    31.7859     4.3306    118.000     4.3225    25.1985     7.0461    10.0695     95.937    306.943    314.677   -0.00028    7.34447   10.49598  319.94210   16.42881 3.6908e-02     0.2264     0.5139    87.9434 0.0000e+00
        943  31.564323    0.06543     3.9256    235.539    120.153  51422.554    31.7869     4.3309    119.000     4.3235    25.1993     7.0420    10.0638     95.884    306.767    314.498   -0.00058    7.34438   10.49585  319.93754   16.42859 3.6908e-02     0.2404     0.5211    87.7853 0.0000e+00
        948  31.564338    0.06578     3.9469    236.812    121.164  51422.132    31.7865     4.3322    120.000     4.3243    25.1988     7.0412    10.0626     95.874    306.729    314.458   -0.00047    7.34417   10.49555  319.92865   16.42817 3.6908e-02     0.2323     0.5178    87.8588 0.0000e+00
        955  31.564357    0.06622     3.9732    238.392    122.179  51424.118    31.7876     4.3334    121.000     4.3258    25.1996     7.0412    10.0626     95.879    306.732    314.461   -0.00039    7.34390   10.49516  319.91646   16.42759 3.6908e-02     0.2266     0.5121    87.9845 0.0000e+00
        961  31.564374    0.06666     3.9992    239.949    123.198  51422.950    31.7865     4.3343    122.000     4.3258    25.1986     7.0402    10.0612     95.866    306.688    314.416   -0.00037    7.34380   10.49502  319.91273   16.42741 3.6908e-02     0.2257     0.5110    88.0073 0.0000e+00
        965  31.564387    0.06694     4.0163    240.981    124.176  51421.878    31.7852     4.3339    123.000     4.3246    25.1977     7.0859    10.1266     96.486    308.681    316.458    0.00164    7.34392   10.49520  319.91827   16.42768 3.6908e-02     0.2315     0.5299    87.5912 0.0000e+00
