tests/testthat/local_data/ctd/2022_01-31_ab_s02_cast052_4141.cnv
* Sea-Bird SBE19plus Data File:
* FileName = C:\Users\steve\Desktop\GWA\CTD\2022_01-31_AB\2022_01-31_AB_S0_cast052.hex
* Software Version 1.59
* Temperature SN =  4141
* Conductivity SN =  4141
* System UpLoad Time = Feb 01 2022 15:07:42
** Cook Inlet LTM AlongBay
** Date: 01-31-2022
** Station:S02
** Start Time (AKST):13:29
** Depth (m):126
** Comment:
** Comment:
# nquan = 27
# nvalues = 123                         
# units = specified
# name 0 = scan: Scan Count
# name 1 = timeJ: Julian Days
# name 2 = timeH: Time, Elapsed [hours]
# name 3 = timeM: Time, Elapsed [minutes]
# name 4 = timeS: Time, Elapsed [seconds]
# name 5 = prdM: Pressure, Strain Gauge [db]
# name 6 = specc: Specific Conductance [uS/cm]
# name 7 = sal00: Salinity, Practical [PSU]
# name 8 = tv290C: Temperature [ITS-90, deg C]
# name 9 = depSM: Depth [salt water, m], lat = 59.00
# name 10 = potemp090C: Potential Temperature [ITS-90, deg C]
# name 11 = sigma-é00: Density [sigma-theta, kg/m^3]
# name 12 = sbeox0ML/L: Oxygen, SBE 43 [ml/l]
# name 13 = sbeox0Mg/L: Oxygen, SBE 43 [mg/l]
# name 14 = sbeox0PS: Oxygen, SBE 43 [% saturation]
# name 15 = sbox0Mm/Kg: Oxygen, SBE 43 [umol/kg]
# name 16 = sbeox0Mm/L: Oxygen, SBE 43 [umol/l]
# name 17 = sbox0dV/dT: Oxygen, SBE 43 [dov/dt]
# name 18 = oxsolML/L: Oxygen Saturation, Garcia & Gordon [ml/l]
# name 19 = oxsolMg/L: Oxygen Saturation, Garcia & Gordon [mg/l]
# name 20 = oxsolMm/Kg: Oxygen Saturation, Garcia & Gordon [umol/kg]
# name 21 = n2satMg/L: Nitrogen Saturation [mg/l]
# name 22 = par: PAR/Irradiance, Biospherical/Licor
# name 23 = wetStar: Fluorescence, WET Labs WETstar [mg/m^3]
# name 24 = CStarAt0: Beam Attenuation, WET Labs C-Star [1/m]
# name 25 = CStarTr0: Beam Transmission, WET Labs C-Star [%]
# name 26 = flag: flag
# span 0 =        325,        965       
# span 1 =  31.562536,  31.564387       
# span 2 =    0.02252,    0.06694       
# span 3 =     1.3509,     4.0163       
# span 4 =     81.057,    240.981       
# span 5 =      1.014,    124.176       
# span 6 =  51150.386,  51424.118       
# span 7 =    31.6486,    31.7876       
# span 8 =     4.2748,     4.3343       
# span 9 =      1.000,    123.000       
# span 10 =     4.2760,     4.3258      
# span 11 =    25.0936,    25.2006      
# span 12 =     7.0402,     7.1642      
# span 13 =    10.0612,    10.2384      
# span 14 =     95.866,     97.351      
# span 15 =    306.688,    312.116      
# span 16 =    314.416,    319.953      
# span 17 =   -0.00149,    0.00164      
# span 18 =    7.34380,    7.36026      
# span 19 =   10.49502,   10.51855      
# span 20 =  319.91273,  320.66252      
# span 21 =   16.42741,   16.46362      
# span 22 = 3.6908e-02, 6.8324e+01      
# span 23 =     0.1366,     0.3033      
# span 24 =     0.3503,     0.5299      
# span 25 =    87.5912,    91.6148      
# span 26 = 0.0000e+00, 0.0000e+00      
# interval = meters: 1                  
# start_time = Jan 31 2022 13:28:42 [Instrument's time stamp, header]
# bad_flag = -9.990e-29
*END*
        325  31.562536    0.02252     1.3509     81.057      1.014  51151.173    31.6493     4.2800      1.000     4.2813    25.0943     7.1534    10.2228     97.189    311.648    319.468    0.00072    7.36026   10.51855  320.66252   16.46362 6.8324e+01     0.1462     0.3541    91.5271 0.0000e+00
        331  31.562552    0.02291     1.3744     82.463      2.015  51150.386    31.6486     4.2817      2.000     4.2822    25.0936     7.1580    10.2294     97.255    311.850    319.675    0.00073    7.35998   10.51814  320.65027   16.46304 6.2259e+01     0.1432     0.3545    91.5202 0.0000e+00
        337  31.562569    0.02331     1.3991     83.944      3.044  51158.411    31.6542     4.2843      3.000     4.2841    25.0978     7.1614    10.2344     97.311    311.999    319.829    0.00072    7.35925   10.51711  320.61727   16.46145 6.0240e+01     0.1366     0.3530    91.5523 0.0000e+00
        341  31.562581    0.02362     1.4171     85.028      4.035  51162.301    31.6562     4.2838      4.000     4.2831    25.0995     7.1607    10.2334     97.302    311.968    319.798    0.00045    7.35924   10.51708  320.61624   16.46139 6.0290e+01     0.1393     0.3528    91.5574 0.0000e+00
        346  31.562595    0.02395     1.4368     86.208      5.037  51171.597    31.6619     4.2827      5.000     4.2818    25.1040     7.1635    10.2374     97.341    312.087    319.922    0.00044    7.35915   10.51697  320.61127   16.46113 6.2529e+01     0.1485     0.3522    91.5717 0.0000e+00
        352  31.562614    0.02440     1.4639     87.835      6.075  51180.379    31.6670     4.2813      6.000     4.2801    25.1082     7.1642    10.2384     97.351    312.116    319.953    0.00027    7.35916   10.51698  320.61015   16.46106 6.3265e+01     0.1464     0.3503    91.6148 0.0000e+00
        357  31.562626    0.02469     1.4816     88.894      7.059  51196.911    31.6770     4.2778      7.000     4.2760    25.1165     7.1622    10.2355     97.322    312.026    319.863    0.00002    7.35927   10.51714  320.61236   16.46112 5.5308e+01     0.1555     0.3518    91.5821 0.0000e+00
        363  31.562645    0.02515     1.5090     90.538      8.114  51218.936    31.6908     4.2748      8.000     4.2762    25.1278     7.1548    10.2250     97.224    311.703    319.535   -0.00059    7.35913   10.51693  320.60260   16.46061 4.9602e+01     0.1718     0.3530    91.5547 0.0000e+00
        367  31.562657    0.02544     1.5263     91.575      9.080  51226.522    31.6964     4.2785      9.000     4.2795    25.1319     7.1551    10.2254     97.240    311.713    319.547   -0.00039    7.35820   10.51561  320.56104   16.45861 4.5409e+01     0.1929     0.3552    91.5024 0.0000e+00
        373  31.562674    0.02582     1.5494     92.966     10.080  51235.865    31.7030     4.2817     10.000     4.2832    25.1368     7.1549    10.2251     97.249    311.705    319.540   -0.00025    7.35730   10.51431  320.52007   16.45663 4.0508e+01     0.2138     0.3597    91.3999 0.0000e+00
        379  31.562691    0.02625     1.5748     94.488     11.123  51238.218    31.7052     4.2864     11.000     4.2865    25.1381     7.1553    10.2257     97.268    311.722    319.559   -0.00019    7.35634   10.51295  320.47800   16.45462 3.5628e+01     0.2303     0.3534    91.5438 0.0000e+00
        383  31.562703    0.02654     1.5921     95.526     12.099  51253.636    31.7161     4.2904     12.000     4.2928    25.1464     7.1514    10.2201     97.232    311.550    319.385   -0.00032    7.35510   10.51117  320.42116   16.45187 3.1488e+01     0.2504     0.3625    91.3364 0.0000e+00
        389  31.562721    0.02698     1.6187     97.123     13.128  51249.345    31.7140     4.2958     13.000     4.2953    25.1442     7.1457    10.2119     97.164    311.299    319.126   -0.00058    7.35424   10.50995  320.38466   16.45014 2.8478e+01     0.2609     0.3616    91.3577 0.0000e+00
        394  31.562735    0.02732     1.6391     98.343     14.137  51253.361    31.7164     4.2967     14.000     4.2960    25.1460     7.1406    10.2047     97.099    311.077    318.900   -0.00077    7.35395   10.50953  320.37147   16.44951 2.5104e+01     0.2797     0.3634    91.3147 0.0000e+00
        399  31.562750    0.02766     1.6597     99.583     15.138  51255.452    31.7175     4.2974     15.000     4.2966    25.1468     7.1473    10.2143     97.193    311.370    319.200   -0.00021    7.35377   10.50927  320.36331   16.44911 2.2192e+01     0.2821     0.3629    91.3265 0.0000e+00
        405  31.562767    0.02808     1.6845    101.069     16.158  51260.612    31.7207     4.2982     16.000     4.2984    25.1493     7.1411    10.2053     97.111    311.097    318.921   -0.00058    7.35348   10.50886  320.34988   16.44846 1.9695e+01     0.2897     0.3644    91.2918 0.0000e+00
        410  31.562781    0.02840     1.7043    102.260     17.161  51260.932    31.7210     4.3007     17.000     4.3002    25.1493     7.1405    10.2045     97.110    311.072    318.896   -0.00055    7.35302   10.50820  320.32973   16.44750 1.7658e+01     0.2830     0.3647    91.2869 0.0000e+00
        415  31.562795    0.02876     1.7253    103.519     18.167  51263.113    31.7224     4.3023     18.000     4.3019    25.1502     7.1428    10.2079     97.146    311.173    318.999   -0.00020    7.35266   10.50769  320.31393   16.44674 1.5627e+01     0.2845     0.3655    91.2669 0.0000e+00
        420  31.562810    0.02912     1.7468    104.809     19.184  51262.923    31.7221     4.3040     19.000     4.3029    25.1499     7.1356    10.1975     97.051    310.856    318.674   -0.00071    7.35237   10.50727  320.30114   16.44614 1.3853e+01     0.2946     0.3625    91.3342 0.0000e+00
        425  31.562823    0.02942     1.7656    105.937     20.187  51273.291    31.7292     4.3062     20.000     4.3079    25.1553     7.1383    10.2015     97.099    310.977    318.799   -0.00036    7.35161   10.50620  320.26685   16.44448 1.2333e+01     0.2811     0.3652    91.2730 0.0000e+00
        430  31.562839    0.02980     1.7879    107.272     21.200  51273.663    31.7305     4.3129     21.000     4.3128    25.1557     7.1349    10.1966     97.069    310.827    318.647   -0.00045    7.35036   10.50440  320.21208   16.44186 1.1028e+01     0.2829     0.3660    91.2552 0.0000e+00
        435  31.562854    0.03016     1.8098    108.588     22.204  51272.804    31.7301     4.3157     22.000     4.3144    25.1550     7.1371    10.1996     97.104    310.921    318.743   -0.00019    7.34989   10.50373  320.19185   16.44091 9.7634e+00     0.2823     0.3669    91.2351 0.0000e+00
        441  31.562870    0.03056     1.8337    110.020     23.224  51275.952    31.7318     4.3161     23.000     4.3145    25.1564     7.1271    10.1854     96.971    310.487    318.297   -0.00081    7.34974   10.50352  320.18491   16.44057 8.6500e+00     0.2760     0.3663    91.2491 0.0000e+00
        446  31.562886    0.03093     1.8557    111.343     24.230  51279.301    31.7335     4.3158     24.000     4.3140    25.1578     7.1155    10.1687     96.813    309.978    317.776   -0.00140    7.34971   10.50346  320.18296   16.44047 7.6713e+00     0.2693     0.3712    91.1375 0.0000e+00
        451  31.562899    0.03126     1.8756    112.534     25.228  51280.646    31.7339     4.3155     25.000     4.3138    25.1581     7.1220    10.1779     96.901    310.261    318.066   -0.00069    7.34974   10.50351  320.18399   16.44052 6.7828e+00     0.2705     0.3728    91.1010 0.0000e+00
        458  31.562919    0.03171     1.9025    114.152     26.250  51284.284    31.7357     4.3147     26.000     4.3125    25.1596     7.1253    10.1828     96.946    310.406    318.217   -0.00026    7.34979   10.50359  320.18598   16.44060 6.0789e+00     0.3033     0.3703    91.1588 0.0000e+00
        464  31.562936    0.03212     1.9274    115.645     27.258  51292.005    31.7401     4.3130     27.000     4.3102    25.1633     7.1230    10.1795     96.913    310.304    318.113   -0.00040    7.34988   10.50371  320.18846   16.44071 5.3473e+00     0.2754     0.3772    91.0013 0.0000e+00
        469  31.562951    0.03248     1.9489    116.936     28.273  51300.897    31.7449     4.3098     28.000     4.3063    25.1674     7.1275    10.1859     96.970    310.501    318.315   -0.00010    7.35022   10.50420  320.20226   16.44135 4.7496e+00     0.2758     0.3790    90.9609 0.0000e+00
        473  31.562963    0.03277     1.9660    117.960     29.264  51301.587    31.7447     4.3093     29.000     4.3085    25.1674     7.1195    10.1745     96.860    310.152    317.958   -0.00061    7.35032   10.50434  320.20636   16.44154 4.2055e+00     0.2724     0.3855    90.8110 0.0000e+00
        479  31.562980    0.03318     1.9909    119.454     30.305  51298.917    31.7429     4.3114     30.000     4.3091    25.1656     7.1225    10.1787     96.904    310.281    318.089   -0.00030    7.35004   10.50394  320.19491   16.44100 3.7454e+00     0.2624     0.3823    90.8853 0.0000e+00
        484  31.562994    0.03351     2.0110    120.658     31.294  51306.915    31.7471     4.3083     31.000     4.3045    25.1694     7.1213    10.1771     96.884    310.230    318.039   -0.00036    7.35036   10.50441  320.20795   16.44160 3.3398e+00     0.2684     0.3873    90.7699 0.0000e+00
        489  31.563008    0.03387     2.0324    121.946     32.307  51315.968    31.7519     4.3046     32.000     4.3017    25.1736     7.1192    10.1740     96.849    310.134    317.941   -0.00051    7.35079   10.50501  320.22503   16.44240 2.9220e+00     0.2658     0.3985    90.5171 0.0000e+00
        494  31.563023    0.03422     2.0528    123.169     33.312  51320.452    31.7540     4.3027     33.000     4.2998    25.1754     7.1189    10.1736     96.842    310.122    317.929   -0.00045    7.35102   10.50535  320.23470   16.44285 2.6166e+00     0.2708     0.4041    90.3914 0.0000e+00
        499  31.563038    0.03458     2.0747    124.480     34.318  51325.496    31.7565     4.3007     34.000     4.2973    25.1776     7.1125    10.1645     96.753    309.846    317.647   -0.00078    7.35126   10.50569  320.24457   16.44331 2.3055e+00     0.2601     0.4045    90.3826 0.0000e+00
        505  31.563054    0.03497     2.0981    125.887     35.335  51329.206    31.7581     4.2990     35.000     4.2967    25.1791     7.1072    10.1570     96.678    309.613    317.409   -0.00100    7.35148   10.50600  320.25346   16.44373 2.0560e+00     0.2750     0.4077    90.3085 0.0000e+00
        510  31.563070    0.03536     2.1213    127.275     36.342  51329.201    31.7577     4.2994     36.000     4.2970    25.1787     7.1041    10.1525     96.636    309.479    317.271   -0.00093    7.35143   10.50593  320.25131   16.44362 1.8144e+00     0.2653     0.4040    90.3930 0.0000e+00
        515  31.563085    0.03571     2.1429    128.573     37.354  51330.505    31.7582     4.2995     37.000     4.2970    25.1790     7.1047    10.1533     96.644    309.503    317.296   -0.00072    7.35139   10.50586  320.24942   16.44354 1.6072e+00     0.2621     0.4023    90.4318 0.0000e+00
        520  31.563100    0.03606     2.1640    129.839     38.360  51335.038    31.7603     4.2977     38.000     4.2946    25.1809     7.1067    10.1562     96.669    309.591    317.386   -0.00045    7.35161   10.50618  320.25841   16.44395 1.4209e+00     0.2680     0.4098    90.2617 0.0000e+00
        526  31.563115    0.03643     2.1855    131.129     39.380  51335.952    31.7605     4.2978     39.000     4.2958    25.1811     7.1067    10.1562     96.669    309.591    317.386   -0.00038    7.35156   10.50612  320.25651   16.44386 1.2532e+00     0.2669     0.4124    90.2046 0.0000e+00
        530  31.563127    0.03671     2.2028    132.167     40.374  51335.782    31.7600     4.2983     40.000     4.2946    25.1806     7.1054    10.1544     96.653    309.535    317.329   -0.00041    7.35152   10.50605  320.25449   16.44377 1.1129e+00     0.2730     0.4143    90.1606 0.0000e+00
        535  31.563143    0.03709     2.2256    133.536     41.397  51341.472    31.7626     4.2953     41.000     4.2922    25.1830     7.1080    10.1581     96.682    309.645    317.444   -0.00024    7.35193   10.50664  320.27168   16.44458 9.8481e-01     0.2659     0.4188    90.0601 0.0000e+00
        540  31.563157    0.03744     2.2463    134.781     42.398  51341.540    31.7622     4.2953     42.000     4.2921    25.1827     7.0998    10.1464     96.571    309.290    317.078   -0.00075    7.35193   10.50664  320.27183   16.44458 8.7411e-01     0.2685     0.4185    90.0656 0.0000e+00
        546  31.563173    0.03782     2.2691    136.149     43.420  51345.071    31.7637     4.2935     43.000     4.2900    25.1841     7.1228    10.1792     96.880    310.290    318.105    0.00098    7.35218   10.50701  320.28259   16.44509 7.7152e-01     0.2735     0.4170    90.0994 0.0000e+00
        549  31.563184    0.03808     2.2850    137.101     44.410  51347.048    31.7642     4.2922     44.000     4.2883    25.1846     7.1057    10.1548     96.646    309.547    317.343   -0.00032    7.35238   10.50729  320.29104   16.44549 6.8470e-01     0.2754     0.4241    89.9404 0.0000e+00
        555  31.563200    0.03848     2.3088    138.527     45.436  51351.360    31.7659     4.2892     45.000     4.2853    25.1863     7.0902    10.1326     96.428    308.869    316.648   -0.00145    7.35283   10.50794  320.31014   16.44639 6.1106e-01     0.2607     0.4228    89.9684 0.0000e+00
        560  31.563215    0.03883     2.3296    139.773     46.432  51354.988    31.7677     4.2883     46.000     4.2851    25.1878     7.1033    10.1513     96.605    309.439    317.233   -0.00032    7.35291   10.50804  320.31300   16.44652 5.4382e-01     0.2701     0.4296    89.8156 0.0000e+00
        566  31.563233    0.03927     2.3562    141.371     47.474  51356.878    31.7684     4.2880     47.000     4.2847    25.1884     7.0959    10.1408     96.505    309.119    316.905   -0.00060    7.35293   10.50808  320.31383   16.44656 4.7265e-01     0.2680     0.4266    89.8829 0.0000e+00
        570  31.563245    0.03955     2.3729    142.374     48.454  51357.351    31.7683     4.2882     48.000     4.2851    25.1883     7.0930    10.1366     96.465    308.991    316.773   -0.00073    7.35290   10.50804  320.31261   16.44650 3.9805e-01     0.2665     0.4329    89.7431 0.0000e+00
        576  31.563262    0.03994     2.3966    143.793     49.471  51357.722    31.7681     4.2882     49.000     4.2850    25.1881     7.0799    10.1179     96.287    308.422    316.190   -0.00149    7.35290   10.50804  320.31272   16.44650 3.5092e-01     0.2883     0.4283    89.8447 0.0000e+00
        581  31.563275    0.04026     2.4156    144.936     50.476  51359.056    31.7684     4.2882     50.000     4.2848    25.1884     7.0866    10.1275     96.379    308.713    316.489   -0.00087    7.35290   10.50803  320.31243   16.44649 3.1610e-01     0.2669     0.4295    89.8187 0.0000e+00
        586  31.563289    0.04060     2.4362    146.174     51.484  51361.946    31.7700     4.2887     51.000     4.2857    25.1896     7.0972    10.1426     96.525    309.172    316.960    0.00022    7.35273   10.50779  320.30459   16.44611 2.7702e-01     0.2576     0.4285    89.8409 0.0000e+00
        591  31.563306    0.04100     2.4602    147.614     52.505  51363.229    31.7707     4.2899     52.000     4.2867    25.1900     7.0907    10.1333     96.439    308.890    316.671   -0.00041    7.35249   10.50744  320.29400   16.44560 2.5034e-01     0.2537     0.4346    89.7061 0.0000e+00
        596  31.563318    0.04130     2.4781    148.686     53.504  51365.807    31.7720     4.2902     53.000     4.2871    25.1910     7.0939    10.1379     96.485    309.028    316.814   -0.00014    7.35236   10.50725  320.28785   16.44531 2.2320e-01     0.2587     0.4461    89.4481 0.0000e+00
