tests/testthat/local_data/ctd/2022_01-31_ab_s02_cast052_4141.cnv
* Sea-Bird SBE19plus Data File:
* FileName = C:\Users\steve\Desktop\GWA\CTD\2022_01-31_AB\2022_01-31_AB_S0_cast052.hex
* Software Version 1.59
* Temperature SN =  4141
* Conductivity SN =  4141
* System UpLoad Time = Feb 01 2022 15:07:42
** Cook Inlet LTM AlongBay
** Date: 01-31-2022
** Station:S02
** Start Time (AKST):13:29
** Depth (m):126
** Comment:
** Comment:
# nquan = 27
# nvalues = 123                         
# units = specified
# name 0 = scan: Scan Count
# name 1 = timeJ: Julian Days
# name 2 = timeH: Time, Elapsed [hours]
# name 3 = timeM: Time, Elapsed [minutes]
# name 4 = timeS: Time, Elapsed [seconds]
# name 5 = prdM: Pressure, Strain Gauge [db]
# name 6 = specc: Specific Conductance [uS/cm]
# name 7 = sal00: Salinity, Practical [PSU]
# name 8 = tv290C: Temperature [ITS-90, deg C]
# name 9 = depSM: Depth [salt water, m], lat = 59.00
# name 10 = potemp090C: Potential Temperature [ITS-90, deg C]
# name 11 = sigma-é00: Density [sigma-theta, kg/m^3]
# name 12 = sbeox0ML/L: Oxygen, SBE 43 [ml/l]
# name 13 = sbeox0Mg/L: Oxygen, SBE 43 [mg/l]
# name 14 = sbeox0PS: Oxygen, SBE 43 [% saturation]
# name 15 = sbox0Mm/Kg: Oxygen, SBE 43 [umol/kg]
# name 16 = sbeox0Mm/L: Oxygen, SBE 43 [umol/l]
# name 17 = sbox0dV/dT: Oxygen, SBE 43 [dov/dt]
# name 18 = oxsolML/L: Oxygen Saturation, Garcia & Gordon [ml/l]
# name 19 = oxsolMg/L: Oxygen Saturation, Garcia & Gordon [mg/l]
# name 20 = oxsolMm/Kg: Oxygen Saturation, Garcia & Gordon [umol/kg]
# name 21 = n2satMg/L: Nitrogen Saturation [mg/l]
# name 22 = par: PAR/Irradiance, Biospherical/Licor
# name 23 = wetStar: Fluorescence, WET Labs WETstar [mg/m^3]
# name 24 = CStarAt0: Beam Attenuation, WET Labs C-Star [1/m]
# name 25 = CStarTr0: Beam Transmission, WET Labs C-Star [%]
# name 26 = flag: flag
# span 0 =        325,        965       
# span 1 =  31.562536,  31.564387       
# span 2 =    0.02252,    0.06694       
# span 3 =     1.3509,     4.0163       
# span 4 =     81.057,    240.981       
# span 5 =      1.014,    124.176       
# span 6 =  51150.386,  51424.118       
# span 7 =    31.6486,    31.7876       
# span 8 =     4.2748,     4.3343       
# span 9 =      1.000,    123.000       
# span 10 =     4.2760,     4.3258      
# span 11 =    25.0936,    25.2006      
# span 12 =     7.0402,     7.1642      
# span 13 =    10.0612,    10.2384      
# span 14 =     95.866,     97.351      
# span 15 =    306.688,    312.116      
# span 16 =    314.416,    319.953      
# span 17 =   -0.00149,    0.00164      
# span 18 =    7.34380,    7.36026      
# span 19 =   10.49502,   10.51855      
# span 20 =  319.91273,  320.66252      
# span 21 =   16.42741,   16.46362      
# span 22 = 3.6908e-02, 6.8324e+01      
# span 23 =     0.1366,     0.3033      
# span 24 =     0.3503,     0.5299      
# span 25 =    87.5912,    91.6148      
# span 26 = 0.0000e+00, 0.0000e+00      
# interval = meters: 1                  
# start_time = Jan 31 2022 13:28:42 [Instrument's time stamp, header]
# bad_flag = -9.990e-29
*END*
[from data line 54]
        605  31.563346    0.04197     2.5182    151.093     55.526  51367.450    31.7733     4.2951     55.000     4.2913    25.1916     7.0880    10.1294     96.417    308.772    316.551   -0.00054    7.35142   10.50591  320.24686   16.44335 1.7475e-01     0.2506     0.4536    89.2802 0.0000e+00
        610  31.563360    0.04231     2.5389    152.337     56.533  51371.813    31.7757     4.2952     56.000     4.2920    25.1936     7.0835    10.1230     96.357    308.574    316.348   -0.00069    7.35129   10.50572  320.24045   16.44304 1.5446e-01     0.2546     0.4536    89.2794 0.0000e+00
        616  31.563378    0.04273     2.5639    153.835     57.555  51373.445    31.7767     4.2967     57.000     4.2932    25.1942     7.0795    10.1174     96.308    308.405    316.174   -0.00079    7.35098   10.50528  320.22665   16.44237 1.3757e-01     0.2528     0.4568    89.2084 0.0000e+00
        620  31.563389    0.04301     2.5807    154.840     58.551  51374.094    31.7769     4.2978     58.000     4.2942    25.1942     7.0843    10.1242     96.375    308.611    316.387   -0.00032    7.35077   10.50499  320.21791   16.44196 1.2076e-01     0.2489     0.4652    89.0208 0.0000e+00
        625  31.563404    0.04334     2.6008    156.045     59.569  51372.862    31.7755     4.2975     59.000     4.2931    25.1931     7.0841    10.1239     96.370    308.600    316.375   -0.00033    7.35088   10.50515  320.22294   16.44221 1.0744e-01     0.2508     0.4647    89.0321 0.0000e+00
        630  31.563418    0.04370     2.6217    157.304     60.574  51379.123    31.7795     4.2986     60.000     4.2964    25.1963     7.0804    10.1187     96.326    308.440    316.211   -0.00049    7.35050   10.50460  320.20526   16.44135 9.6565e-02     0.2459     0.4642    89.0428 0.0000e+00
        635  31.563433    0.04406     2.6434    158.603     61.587  51376.434    31.7781     4.3026     61.000     4.2984    25.1947     7.0820    10.1209     96.356    308.511    316.283   -0.00025    7.34984   10.50366  320.17728   16.44002 8.6063e-02     0.2520     0.4725    88.8574 0.0000e+00
        641  31.563448    0.04441     2.6648    159.888     62.594  51378.430    31.7791     4.3032     62.000     4.2996    25.1955     7.0778    10.1148     96.300    308.324    316.093   -0.00050    7.34970   10.50345  320.17077   16.43971 7.7685e-02     0.2446     0.4743    88.8174 0.0000e+00
        645  31.563462    0.04475     2.6851    161.103     63.606  51379.122    31.7794     4.3045     63.000     4.3005    25.1956     7.0760    10.1124     96.280    308.251    316.017   -0.00050    7.34945   10.50309  320.15963   16.43918 6.9940e-02     0.2416     0.4791    88.7107 0.0000e+00
        650  31.563474    0.04505     2.7032    162.193     64.608  51380.009    31.7796     4.3048     64.000     4.3006    25.1956     7.0741    10.1096     96.255    308.167    315.931   -0.00058    7.34938   10.50299  320.15646   16.43903 6.3670e-02     0.2462     0.4841    88.6009 0.0000e+00
        656  31.563492    0.04547     2.7278    163.670     65.628  51378.851    31.7782     4.3046     65.000     4.2995    25.1946     7.0757    10.1118     96.274    308.234    315.999   -0.00036    7.34948   10.50314  320.16136   16.43926 5.8283e-02     0.2573     0.4758    88.7865 0.0000e+00
        660  31.563505    0.04579     2.7474    164.845     66.631  51378.892    31.7772     4.3023     66.000     4.2970    25.1941     7.0704    10.1042     96.197    308.003    315.762   -0.00070    7.34994   10.50380  320.18174   16.44024 5.2960e-02     0.2406     0.4763    88.7733 0.0000e+00
        666  31.563520    0.04615     2.7690    166.138     67.644  51381.609    31.7782     4.3009     67.000     4.2964    25.1950     7.0678    10.1006     96.158    307.890    315.648   -0.00075    7.35015   10.50410  320.19049   16.44065 4.9476e-02     0.2449     0.4706    88.9005 0.0000e+00
        671  31.563535    0.04651     2.7904    167.425     68.651  51382.596    31.7786     4.3015     68.000     4.2972    25.1952     7.0733    10.1085     96.235    308.131    315.894   -0.00026    7.35002   10.50391  320.18473   16.44038 4.5295e-02     0.2440     0.4707    88.8975 0.0000e+00
        676  31.563550    0.04687     2.8120    168.721     69.669  51382.728    31.7782     4.3020     69.000     4.2974    25.1949     7.0780    10.1152     96.300    308.335    316.103    0.00010    7.34994   10.50381  320.18171   16.44024 4.2230e-02     0.2427     0.4693    88.9291 0.0000e+00
        680  31.563562    0.04715     2.8293    169.755     70.663  51383.369    31.7782     4.3019     70.000     4.2970    25.1949     7.0756    10.1118     96.268    308.232    315.998   -0.00015    7.34997   10.50385  320.18287   16.44029 4.0213e-02     0.2495     0.4721    88.8680 0.0000e+00
        687  31.563582    0.04763     2.8577    171.459     71.697  51385.054    31.7787     4.3016     71.000     4.2968    25.1954     7.0655    10.0974     96.129    307.792    315.547   -0.00076    7.35000   10.50389  320.18397   16.44034 3.7871e-02     0.2473     0.4675    88.9685 0.0000e+00
        691  31.563593    0.04789     2.8734    172.403     72.677  51384.136    31.7775     4.3014     72.000     4.2960    25.1945     7.0682    10.1010     96.164    307.904    315.662   -0.00054    7.35009   10.50402  320.18821   16.44054 3.7026e-02     0.2445     0.4801    88.6905 0.0000e+00
        696  31.563609    0.04829     2.8973    173.838     73.706  51385.818    31.7779     4.3000     73.000     4.2951    25.1949     7.0729    10.1079     96.226    308.113    315.876   -0.00012    7.35031   10.50433  320.19746   16.44099 3.6909e-02     0.2508     0.4757    88.7877 0.0000e+00
        702  31.563624    0.04865     2.9190    175.139     74.708  51387.844    31.7789     4.3008     74.000     4.2966    25.1956     7.0727    10.1076     96.225    308.104    315.867   -0.00012    7.35012   10.50406  320.18918   16.44058 3.6908e-02     0.2455     0.4720    88.8687 0.0000e+00
        707  31.563639    0.04901     2.9403    176.418     75.729  51387.509    31.7786     4.3026     75.000     4.2977    25.1952     7.0716    10.1060     96.214    308.055    315.817   -0.00024    7.34983   10.50364  320.17643   16.43998 3.6908e-02     0.2370     0.4713    88.8847 0.0000e+00
        712  31.563653    0.04935     2.9607    177.642     76.726  51388.187    31.7786     4.3029     76.000     4.2979    25.1952     7.0730    10.1080     96.233    308.114    315.877   -0.00014    7.34977   10.50355  320.17365   16.43985 3.6908e-02     0.2401     0.4732    88.8436 0.0000e+00
        718  31.563672    0.04980     2.9880    179.278     77.749  51388.656    31.7785     4.3032     77.000     4.2979    25.1951     7.0730    10.1081     96.235    308.120    315.883   -0.00010    7.34973   10.50350  320.17226   16.43978 3.6908e-02     0.2436     0.4698    88.9194 0.0000e+00
        723  31.563685    0.05011     3.0065    180.388     78.751  51388.800    31.7779     4.3025     78.000     4.2970    25.1947     7.0675    10.1001     96.158    307.877    315.633   -0.00055    7.34987   10.50370  320.17852   16.44008 3.6908e-02     0.2498     0.4766    88.7682 0.0000e+00
        728  31.563700    0.05046     3.0272    181.634     79.757  51389.578    31.7779     4.3023     79.000     4.2970    25.1947     7.0720    10.1065     96.218    308.070    315.832   -0.00017    7.34991   10.50375  320.18000   16.44015 3.6908e-02     0.2502     0.4724    88.8605 0.0000e+00
        733  31.563714    0.05082     3.0494    182.964     80.777  51397.019    31.7828     4.3035     80.000     4.3006    25.1984     7.0677    10.1004     96.166    307.884    315.642   -0.00039    7.34945   10.50310  320.15890   16.43913 3.6908e-02     0.2422     0.4705    88.9027 0.0000e+00
        738  31.563730    0.05119     3.0714    184.287     81.779  51391.138    31.7790     4.3065     81.000     4.3008    25.1951     7.0653    10.0970     96.138    307.782    315.537   -0.00049    7.34910   10.50261  320.14499   16.43849 3.6908e-02     0.2353     0.4797    88.6991 0.0000e+00
        744  31.563747    0.05160     3.0960    185.761     82.791  51393.765    31.7802     4.3066     82.000     4.3014    25.1962     7.0680    10.1008     96.176    307.898    315.656   -0.00022    7.34904   10.50251  320.14164   16.43832 3.6908e-02     0.2496     0.4756    88.7908 0.0000e+00
        749  31.563761    0.05192     3.1152    186.912     83.804  51392.815    31.7792     4.3069     83.000     4.3009    25.1953     7.0686    10.1018     96.184    307.926    315.684   -0.00016    7.34902   10.50250  320.14168   16.43833 3.6908e-02     0.2442     0.4778    88.7402 0.0000e+00
        753  31.563774    0.05224     3.1344    188.064     84.804  51394.091    31.7792     4.3056     84.000     4.3002    25.1955     7.0668    10.0991     96.156    307.845    315.601   -0.00030    7.34925   10.50281  320.15110   16.43878 3.6908e-02     0.2394     0.4773    88.7519 0.0000e+00
        760  31.563792    0.05268     3.1608    189.646     85.825  51403.335    31.7863     4.3110     85.000     4.3088    25.2006     7.0623    10.0928     96.113    307.650    315.403   -0.00047    7.34795   10.50095  320.09275   16.43597 3.6908e-02     0.2406     0.4723    88.8628 0.0000e+00
        764  31.563805    0.05300     3.1798    190.786     86.830  51400.171    31.7853     4.3182     86.000     4.3140    25.1991     7.0652    10.0968     96.167    307.773    315.529   -0.00017    7.34672   10.49919  320.03968   16.43345 3.6908e-02     0.2364     0.4995    88.2601 0.0000e+00
        769  31.563820    0.05333     3.2002    192.013     87.837  51395.601    31.7820     4.3195     87.000     4.3130    25.1963     7.0640    10.0952     96.153    307.726    315.480   -0.00020    7.34664   10.49908  320.03732   16.43335 3.6908e-02     0.2374     0.5044    88.1515 0.0000e+00
        775  31.563837    0.05374     3.2244    193.462     88.848  51398.918    31.7836     4.3185     88.000     4.3130    25.1976     7.0568    10.0848     96.053    307.410    315.156   -0.00065    7.34674   10.49922  320.04094   16.43352 3.6908e-02     0.2388     0.4986    88.2810 0.0000e+00
        780  31.563852    0.05412     3.2468    194.807     89.868  51398.254    31.7828     4.3195     89.000     4.3134    25.1970     7.0531    10.0795     96.004    307.247    314.988   -0.00079    7.34661   10.49904  320.03563   16.43327 3.6908e-02     0.2375     0.4975    88.3045 0.0000e+00
        784  31.563864    0.05440     3.2641    195.848     90.863  51400.359    31.7837     4.3193     90.000     4.3136    25.1977     7.0516    10.0775     95.985    307.185    314.925   -0.00073    7.34660   10.49903  320.03502   16.43323 3.6908e-02     0.2348     0.5035    88.1722 0.0000e+00
        790  31.563880    0.05479     3.2877    197.264     91.876  51398.281    31.7817     4.3190     91.000     4.3121    25.1961     7.0530    10.0794     96.001    307.245    314.986   -0.00051    7.34675   10.49923  320.04176   16.43357 3.6908e-02     0.2300     0.4979    88.2967 0.0000e+00
        797  31.563901    0.05529     3.3171    199.024     92.897  51401.510    31.7830     4.3174     92.000     4.3115    25.1974     7.0522    10.0784     95.989    307.212    314.953   -0.00043    7.34697   10.49955  320.05105   16.43400 3.6908e-02     0.2317     0.4890    88.4925 0.0000e+00
        802  31.563914    0.05560     3.3358    200.150     93.909  51401.712    31.7829     4.3184     93.000     4.3121    25.1972     7.0558    10.0835     96.040    307.369    315.113   -0.00013    7.34680   10.49932  320.04390   16.43366 3.6908e-02     0.2329     0.5000    88.2495 0.0000e+00
        806  31.563926    0.05588     3.3529    201.176     94.901  51401.587    31.7821     4.3175     94.000     4.3108    25.1966     7.0538    10.0806     96.009    307.280    315.023   -0.00029    7.34698   10.49958  320.05218   16.43406 3.6908e-02     0.2343     0.5035    88.1722 0.0000e+00
        812  31.563945    0.05634     3.3805    202.830     95.918  51401.935    31.7816     4.3163     95.000     4.3094    25.1963     7.0513    10.0771     95.973    307.174    314.913   -0.00039    7.34723   10.49993  320.06311   16.43458 3.6908e-02     0.2384     0.4897    88.4774 0.0000e+00
        818  31.563962    0.05677     3.4059    204.352     96.935  51404.502    31.7826     4.3154     96.000     4.3093    25.1972     7.0449    10.0680     95.885    306.894    314.627   -0.00077    7.34734   10.50008  320.06722   16.43477 3.6908e-02     0.2410     0.4845    88.5919 0.0000e+00
        824  31.563978    0.05712     3.4276    205.656     97.939  51406.278    31.7836     4.3168     97.000     4.3111    25.1979     7.0508    10.0762     95.967    307.147    314.887   -0.00022    7.34706   10.49968  320.05484   16.43418 3.6908e-02     0.2323     0.4935    88.3931 0.0000e+00
        828  31.563991    0.05744     3.4467    206.803     98.945  51404.307    31.7820     4.3180     98.000     4.3111    25.1966     7.0526    10.0789     95.994    307.227    314.968   -0.00010    7.34691   10.49947  320.04894   16.43391 3.6908e-02     0.2391     0.5097    88.0370 0.0000e+00
        834  31.564007    0.05783     3.4699    208.195     99.957  51405.642    31.7825     4.3181     99.000     4.3113    25.1969     7.0506    10.0761     95.968    307.143    314.882   -0.00024    7.34688   10.49941  320.04718   16.43382 3.6908e-02     0.2375     0.4967    88.3232 0.0000e+00
        841  31.564027    0.05832     3.4991    209.946    100.974  51406.440    31.7824     4.3175    100.000     4.3106    25.1969     7.0548    10.0820     96.023    307.324    315.068    0.00004    7.34698   10.49957  320.05188   16.43404 3.6908e-02     0.2383     0.4888    88.4970 0.0000e+00
        845  31.564041    0.05865     3.5187    211.125    101.976  51406.917    31.7821     4.3171    101.000     4.3102    25.1967     7.0531    10.0797     96.000    307.251    314.993   -0.00015    7.34706   10.49969  320.05550   16.43422 3.6908e-02     0.2393     0.4973    88.3084 0.0000e+00
        851  31.564056    0.05901     3.5404    212.422    102.987  51410.250    31.7843     4.3191    102.000     4.3132    25.1983     7.0524    10.0786     95.995    307.219    314.960   -0.00019    7.34661   10.49903  320.03510   16.43324 3.6908e-02     0.2408     0.4953    88.3541 0.0000e+00
        857  31.564073    0.05942     3.5653    213.915    103.995  51410.931    31.7848     4.3214    103.000     4.3153    25.1985     7.0566    10.0845     96.058    307.399    315.145    0.00011    7.34616   10.49840  320.01567   16.43231 3.6908e-02     0.2440     0.4956    88.3465 0.0000e+00
        862  31.564090    0.05982     3.5895    215.372    105.009  51409.603    31.7839     4.3234    104.000     4.3165    25.1976     7.0564    10.0843     96.060    307.394    315.139 3.9988e-07    7.34585   10.49796  320.00262   16.43170 3.6908e-02     0.2432     0.4993    88.2649 0.0000e+00
        867  31.564104    0.06017     3.6104    216.624    106.016  51410.712    31.7842     4.3236    105.000     4.3168    25.1978     7.0548    10.0820     96.039    307.324    315.068   -0.00011    7.34580   10.49788  320.00021   16.43158 3.6908e-02     0.2435     0.5046    88.1471 0.0000e+00
        873  31.564120    0.06056     3.6337    218.024    107.032  51414.569    31.7867     4.3251    106.000     4.3194    25.1996     7.0512    10.0768     95.994    307.163    314.904   -0.00037    7.34543   10.49735  319.98331   16.43077 3.6908e-02     0.2346     0.5026    88.1929 0.0000e+00
        879  31.564137    0.06096     3.6578    219.467    108.038  51413.749    31.7867     4.3295    107.000     4.3228    25.1992     7.0489    10.0736     95.974    307.068    314.805   -0.00040    7.34464   10.49623  319.94930   16.42915 3.6908e-02     0.2432     0.5062    88.1121 0.0000e+00
