tests/testthat/local_data/ctd/ctd.cnv
* Sea-Bird SBE 25 Data File:
* FileName = C:\SEASOFT3\BASIN\BED0302.HEX
* Software Version 4.230a
* Temperature SN = 1140
* Conductivity SN = 832
* System UpLoad Time = Oct 15 2003 11:38:38
* Command Line = seasave 
** Ship:      Divcom3
** Cruise:    Halifax Harbour
** Station:   Stn 2
** Latitude:  N44 41.056
** Longitude: w63 38.633
# nquan = 7
# nvalues = 773                     
# units = metric
# name 0 = scan: scan number
# name 1 = timeS: time [s]
# name 2 = pr: pressure [db]
# name 3 = depS: depth, salt water [m]
# name 4 = t068: temperature, IPTS-68 [deg C]
# name 5 = sal00: salinity, PSS-78 [PSU]
# name 6 = flag:  0.000e+00
# span 0 = 1, 773                       
# span 1 = 0.000, 772.000               
# span 2 = -0.378, 163.899              
# span 3 = -0.375, 162.504              
# span 4 = 2.3237, 99.0000              
# span 5 = 0.3276, 99.0000              
# span 6 = 0.000e+00, 0.000e+00         
# interval = seconds: 1                           
# start_time = Oct 15 1903 11:38:38
# bad_flag = -9.990e-29
*END*
        130    129.000      1.480      1.468    14.2245    29.9210  0.000e+00
        131    130.000      1.671      1.657    14.2299    29.9205  0.000e+00
        132    131.000      2.052      2.036    14.2285    29.9206  0.000e+00
        133    132.000      2.243      2.225    14.2256    29.9219  0.000e+00
        134    133.000      2.624      2.603    14.2301    29.9206  0.000e+00
        135    134.000      2.672      2.650    14.2366    29.9164  0.000e+00
        136    135.000      3.005      2.981    14.1955    29.9339  0.000e+00
        137    136.000      3.196      3.170    14.1157    29.9667  0.000e+00
        138    137.000      3.482      3.454    14.1431    29.9519  0.000e+00
        139    138.000      3.720      3.690    14.1227    29.9634  0.000e+00
        140    139.000      4.006      3.974    14.1098    29.9699  0.000e+00
        141    140.000      4.197      4.163    14.1031    29.9705  0.000e+00
        142    141.000      4.292      4.257    14.1190    29.9618  0.000e+00
        143    142.000      4.721      4.683    13.2693    30.3046  0.000e+00
        144    143.000      4.721      4.683    13.3769    30.2732  0.000e+00
        145    144.000      5.150      5.108    12.2969    30.7485  0.000e+00
        146    145.000      5.293      5.250    12.1130    30.7636  0.000e+00
        147    146.000      5.674      5.628    12.0189    30.7813  0.000e+00
        148    147.000      5.722      5.675    12.0137    30.7795  0.000e+00
        149    148.000      6.055      6.006    11.7947    30.8467  0.000e+00
        150    149.000      6.198      6.148    11.7372    30.8882  0.000e+00
        151    150.000      6.437      6.384    11.6331    30.9301  0.000e+00
        152    151.000      6.770      6.715    11.4273    30.8928  0.000e+00
        153    152.000      6.961      6.904    11.4430    30.8872  0.000e+00
        154    153.000      7.199      7.140    11.3893    30.9049  0.000e+00
        155    154.000      7.342      7.282    11.2948    30.9166  0.000e+00
        156    155.000      7.437      7.377    11.3117    30.9245  0.000e+00
        157    156.000      7.819      7.755    11.2404    30.9283  0.000e+00
        158    157.000      8.057      7.991    10.9412    30.9801  0.000e+00
        159    158.000      8.295      8.228    10.9370    30.9853  0.000e+00
        160    159.000      8.724      8.653    10.8152    30.9895  0.000e+00
        161    160.000      8.724      8.653    10.7423    30.9982  0.000e+00
        162    161.000      9.058      8.984    10.5454    31.0359  0.000e+00
        163    162.000      9.248      9.173    10.4441    31.0327  0.000e+00
        164    163.000      9.534      9.457    10.2322    31.0883  0.000e+00
        165    164.000      9.725      9.646    10.0341    31.1196  0.000e+00
        166    165.000     10.154     10.071     9.8997    31.0861  0.000e+00
        167    166.000     10.201     10.118     9.7010    31.1802  0.000e+00
        168    167.000     10.392     10.307     9.6033    31.1974  0.000e+00
        169    168.000     10.583     10.497     9.5517    31.2066  0.000e+00
        170    169.000     10.916     10.827     9.5045    31.2061  0.000e+00
        171    170.000     11.107     11.017     9.5038    31.2120  0.000e+00
        172    171.000     11.488     11.395     9.4633    31.2078  0.000e+00
        173    172.000     11.727     11.631     9.4251    31.2148  0.000e+00
        174    173.000     11.870     11.773     9.3915    31.2161  0.000e+00
        175    174.000     12.060     11.962     9.2894    31.2055  0.000e+00
        176    175.000     12.346     12.246     9.1620    31.2630  0.000e+00
        177    176.000     12.489     12.387     9.1043    31.2616  0.000e+00
        178    177.000     12.918     12.813     9.1128    31.2549  0.000e+00
        179    178.000     13.109     13.002     9.0277    31.2692  0.000e+00
        180    179.000     13.347     13.238     9.0187    31.2737  0.000e+00
        181    180.000     13.490     13.380     8.9892    31.2728  0.000e+00
        182    181.000     13.728     13.616     9.0117    31.2660  0.000e+00
        183    182.000     13.919     13.805     8.9677    31.2727  0.000e+00
        184    183.000     14.348     14.231     8.8793    31.2883  0.000e+00
        185    184.000     14.634     14.515     8.8282    31.2944  0.000e+00
        186    185.000     14.824     14.704     8.7572    31.3075  0.000e+00
        187    186.000     15.063     14.940     8.7516    31.3102  0.000e+00
        188    187.000     15.206     15.082     8.6816    31.3139  0.000e+00
        189    188.000     15.539     15.413     8.5293    31.3010  0.000e+00
        190    189.000     15.635     15.507     8.5414    31.2956  0.000e+00
        191    190.000     16.016     15.885     8.4359    31.3575  0.000e+00
        192    191.000     16.207     16.074     8.4447    31.3507  0.000e+00
        193    192.000     16.445     16.311     8.3199    31.3752  0.000e+00
        194    193.000     16.588     16.453     8.3255    31.3595  0.000e+00
        195    194.000     16.874     16.736     8.2131    31.3747  0.000e+00
        196    195.000     17.160     17.020     8.1497    31.3661  0.000e+00
        197    196.000     17.208     17.067     8.0773    31.3674  0.000e+00
        198    197.000     17.637     17.493     8.0163    31.3832  0.000e+00
        199    198.000     17.875     17.729     7.9462    31.3769  0.000e+00
        200    199.000     17.923     17.776     7.9718    31.3684  0.000e+00
        201    200.000     18.161     18.013     7.8406    31.3940  0.000e+00
        202    201.000     18.399     18.249     7.7792    31.3999  0.000e+00
        203    202.000     18.542     18.391     7.7708    31.3996  0.000e+00
        204    203.000     18.828     18.674     7.7363    31.4080  0.000e+00
        205    204.000     19.257     19.100     7.7161    31.4014  0.000e+00
        206    205.000     19.352     19.194     7.7050    31.4032  0.000e+00
        207    206.000     19.543     19.384     7.7195    31.3970  0.000e+00
        208    207.000     19.781     19.620     7.7047    31.3985  0.000e+00
        209    208.000     20.020     19.856     7.7034    31.3983  0.000e+00
        210    209.000     20.210     20.045     7.7033    31.3984  0.000e+00
        211    210.000     20.830     20.660     7.6961    31.3998  0.000e+00
        212    211.000     20.878     20.707     7.6881    31.3959  0.000e+00
        213    212.000     21.116     20.944     7.6823    31.3971  0.000e+00
        214    213.000     21.354     21.180     7.6861    31.4152  0.000e+00
        215    214.000     21.545     21.369     7.6865    31.4223  0.000e+00
        216    215.000     21.831     21.653     7.6852    31.4124  0.000e+00
        217    216.000     22.212     22.031     7.6305    31.4262  0.000e+00
        218    217.000     22.355     22.173     7.5792    31.4238  0.000e+00
        219    218.000     22.546     22.362     7.5759    31.4273  0.000e+00
        220    219.000     22.784     22.598     7.5459    31.4314  0.000e+00
        221    220.000     23.023     22.834     7.5451    31.4289  0.000e+00
        222    221.000     23.356     23.165     7.4683    31.4388  0.000e+00
        223    222.000     23.642     23.449     7.3992    31.4449  0.000e+00
        224    223.000     23.928     23.733     7.4252    31.4341  0.000e+00
        225    224.000     24.119     23.922     7.3919    31.4437  0.000e+00
        226    225.000     24.357     24.158     7.3468    31.4405  0.000e+00
        227    226.000     24.500     24.300     7.3078    31.4428  0.000e+00
        228    227.000     24.882     24.678     7.2831    31.4434  0.000e+00
        229    228.000     25.072     24.867     7.2589    31.4458  0.000e+00
        230    229.000     25.454     25.245     7.2669    31.4440  0.000e+00
        231    230.000     25.549     25.340     7.1843    31.4551  0.000e+00
        232    231.000     25.740     25.529     7.1811    31.4411  0.000e+00
        233    232.000     25.930     25.718     7.0843    31.4501  0.000e+00
        234    233.000     26.312     26.096     7.0216    31.4235  0.000e+00
        235    234.000     26.550     26.333     6.8768    31.4508  0.000e+00
        236    235.000     26.979     26.758     6.9003    31.4487  0.000e+00
        237    236.000     27.074     26.853     6.8557    31.4459  0.000e+00
        238    237.000     27.265     27.042     6.8466    31.4445  0.000e+00
        239    238.000     27.503     27.278     6.8522    31.4416  0.000e+00
        240    239.000     27.789     27.562     6.8453    31.4407  0.000e+00
        241    240.000     28.075     27.846     6.7548    31.4428  0.000e+00
        242    241.000     28.409     28.177     6.7569    31.4432  0.000e+00
        243    242.000     28.600     28.366     6.6423    31.4368  0.000e+00
        244    243.000     28.695     28.460     6.5495    31.4415  0.000e+00
        245    244.000     28.886     28.649     6.4718    31.4768  0.000e+00
        246    245.000     29.124     28.886     6.4543    31.4564  0.000e+00
        247    246.000     29.458     29.217     6.3192    31.4384  0.000e+00
        248    247.000     29.792     29.548     6.1368    31.4411  0.000e+00
        249    248.000     30.078     29.831     6.0522    31.4485  0.000e+00
        250    249.000     30.221     29.973     5.8990    31.4564  0.000e+00
        251    250.000     30.507     30.257     5.6845    31.4616  0.000e+00
        252    251.000     30.697     30.446     5.6765    31.4983  0.000e+00
        253    252.000     30.888     30.635     5.5952    31.4486  0.000e+00
        254    253.000     31.222     30.966     5.5681    31.4396  0.000e+00
        255    254.000     31.460     31.202     5.2529    31.4699  0.000e+00
        256    255.000     31.698     31.439     5.0956    31.3796  0.000e+00
        257    256.000     31.841     31.580     4.9544    31.4313  0.000e+00
        258    257.000     32.080     31.817     4.8605    31.4477  0.000e+00
        259    258.000     32.270     32.006     4.7882    31.4343  0.000e+00
        260    259.000     32.604     32.337     4.8024    31.4304  0.000e+00
        261    260.000     32.985     32.715     4.7971    31.4270  0.000e+00
        262    261.000     33.081     32.810     4.7488    31.4379  0.000e+00
        263    262.000     33.224     32.951     4.7391    31.4289  0.000e+00
        264    263.000     33.510     33.235     4.6800    31.4254  0.000e+00
        265    264.000     33.653     33.377     4.6543    31.4280  0.000e+00
        266    265.000     33.939     33.661     4.5495    31.4213  0.000e+00
        267    266.000     34.273     33.992     4.4938    31.4228  0.000e+00
        268    267.000     34.463     34.181     4.4564    31.4202  0.000e+00
        269    268.000     34.654     34.370     4.4186    31.4236  0.000e+00
        270    269.000     34.845     34.559     4.3509    31.4208  0.000e+00
        271    270.000     35.083     34.795     4.3475    31.4152  0.000e+00
        272    271.000     35.369     35.079     4.3180    31.4213  0.000e+00
        273    272.000     35.655     35.363     4.2174    31.4197  0.000e+00
        274    273.000     35.798     35.504     4.2484    31.4054  0.000e+00
        275    274.000     36.132     35.835     4.1732    31.4171  0.000e+00
        276    275.000     36.227     35.930     4.1803    31.4141  0.000e+00
        277    276.000     36.513     36.214     4.1739    31.4126  0.000e+00
        278    277.000     36.704     36.403     4.1630    31.4119  0.000e+00
        279    278.000     36.942     36.639     4.1609    31.4092  0.000e+00
        280    279.000     37.324     37.017     4.1667    31.4118  0.000e+00
        281    280.000     37.467     37.159     4.1392    31.4058  0.000e+00
        282    281.000     37.705     37.396     3.9757    31.4523  0.000e+00
        283    282.000     37.753     37.443     3.6785    31.4412  0.000e+00
        284    283.000     37.991     37.679     3.5561    31.4316  0.000e+00
        285    284.000     38.182     37.868     3.4227    31.4133  0.000e+00
        286    285.000     38.468     38.152     3.4055    31.4080  0.000e+00
        287    286.000     38.754     38.436     3.4262    31.4087  0.000e+00
        288    287.000     39.040     38.719     3.3735    31.4070  0.000e+00
        289    288.000     39.231     38.909     3.3676    31.4045  0.000e+00
        290    289.000     39.469     39.145     3.3829    31.4023  0.000e+00
        291    290.000     39.564     39.239     3.3810    31.4014  0.000e+00
        292    291.000     39.898     39.570     3.3739    31.3992  0.000e+00
        293    292.000     39.993     39.665     3.3747    31.3990  0.000e+00
        294    293.000     40.470     40.138     3.3690    31.3967  0.000e+00
        295    294.000     40.661     40.327     3.3692    31.3974  0.000e+00
        296    295.000     40.852     40.516     3.3772    31.3950  0.000e+00
        297    296.000     40.947     40.611     3.3572    31.3988  0.000e+00
        298    297.000     41.281     40.942     3.2666    31.3991  0.000e+00
        299    298.000     41.471     41.131     3.2082    31.3952  0.000e+00
        300    299.000     41.758     41.414     3.2009    31.3967  0.000e+00
        301    300.000     42.091     41.745     3.1477    31.4104  0.000e+00
        302    301.000     42.282     41.934     3.0936    31.3981  0.000e+00
        303    302.000     42.473     42.124     3.1047    31.4212  0.000e+00
        304    303.000     42.759     42.407     3.0642    31.4062  0.000e+00
        305    304.000     42.949     42.596     3.0196    31.3938  0.000e+00
        306    305.000     43.283     42.927     3.0021    31.3935  0.000e+00
        307    306.000     43.522     43.164     2.9717    31.3886  0.000e+00
        308    307.000     43.808     43.447     2.9367    31.3868  0.000e+00
        309    308.000     43.903     43.542     2.9190    31.3955  0.000e+00
        310    309.000     44.141     43.778     2.9194    31.3928  0.000e+00
